-498553.000000
-498536.000000
-498591.000000
-498552.000000
-498543.000000
-498529.000000
-498523.000000
-498439.000000
-498545.000000
-498536.000000
-498578.000000
-498564.000000
-498607.000000
-498567.000000
-498553.000000
-498446.000000
-498569.000000
-498512.000000
-498576.000000
-498615.000000
-498571.000000
-498584.000000
-498601.000000
-498584.000000
-498564.000000
-498571.000000
-498585.000000
-498623.000000
-498452.000000
-498558.000000
-498567.000000
-498568.000000
-498610.000000
-498551.000000
-498581.000000
-498595.000000
-498518.000000
-498552.000000
-498556.000000
-498560.000000
-498520.000000
-498551.000000
-498601.000000
-498579.000000
-498513.000000
-498544.000000
-498490.000000
-498474.000000
-498548.000000
-498510.000000
-498549.000000
-498596.000000
-498526.000000
-498582.000000
-498522.000000
-498502.000000
-498438.000000
-498545.000000
-498502.000000
-498605.000000
-498390.000000
-498606.000000
-498515.000000
-498563.000000
-498625.000000
-498550.000000
-498574.000000
-498553.000000
-498500.000000
-498586.000000
-498521.000000
-498552.000000
-498530.000000
-498561.000000
-498539.000000
-498572.000000
-498512.000000
-498583.000000
-498615.000000
-498517.000000
-498581.000000
-498539.000000
-498597.000000
-498570.000000
-498593.000000
-498496.000000
-498558.000000
-498585.000000
-498404.000000
-498599.000000
-498484.000000
-498593.000000
-498583.000000
-498612.000000
-498603.000000
-498563.000000
-498548.000000
-498587.000000
-498579.000000
-498542.000000
-498591.000000
-498553.000000
-498592.000000
-498608.000000
-498499.000000
-498540.000000
-498625.000000
-498558.000000
-483839.000000
-498532.000000
-498597.000000
-498534.000000
-498553.000000
-498474.000000
-498595.000000
-498589.000000
-498583.000000
-483371.000000
-498558.000000
-498560.000000
-498516.000000
-498532.000000
-498604.000000
-498342.000000
-498538.000000
-498545.000000
-498502.000000
-498546.000000
-498579.000000
-498615.000000
-498587.000000
-498518.000000
-498524.000000
-498587.000000
-498560.000000
-498603.000000
-498577.000000
-498510.000000
-498569.000000
-498570.000000
-498594.000000
-498505.000000
-498538.000000
-498567.000000
-498443.000000
-498544.000000
-498548.000000
-498535.000000
-498584.000000
-498580.000000
-498535.000000
-498511.000000
-498571.000000
-498521.000000
-498608.000000
-498568.000000
-498507.000000
-498613.000000
-483379.000000
-498587.000000
-498547.000000
-498595.000000
-498592.000000
-498470.000000
-498507.000000
-498591.000000
-498603.000000
-483407.000000
-498580.000000
-498558.000000
-498603.000000
-498579.000000
-498525.000000
-498476.000000
-498613.000000
-498574.000000
-498624.000000
-498590.000000
-498459.000000
-498558.000000
-498559.000000
-498617.000000
-498578.000000
-498551.000000
-498556.000000
-498545.000000
-498453.000000
-498531.000000
-498599.000000
-498531.000000
-498557.000000
-498625.000000
-498509.000000
-498623.000000
-498544.000000
-498486.000000
-483823.000000
-498538.000000
-498554.000000
-498560.000000
-498570.000000
-498467.000000
-498470.000000
-498515.000000
-498544.000000
-483364.000000
-498476.000000
-498537.000000
-498600.000000
-498496.000000
-498618.000000
-498544.000000
-498580.000000
-498428.000000
-498530.000000
-498608.000000
-498586.000000
-498585.000000
-498538.000000
-498543.000000
-498564.000000
-498590.000000
-498579.000000
-498574.000000
-498538.000000
-498541.000000
-498565.000000
-498515.000000
-498598.000000
-498553.000000
-498558.000000
-498607.000000
-498617.000000
-498355.000000
-498591.000000
-498313.000000
-498588.000000
-498469.000000
-498567.000000
-498546.000000
-498608.000000
-498506.000000
-498448.000000
-498568.000000
-498558.000000
-498518.000000
-498607.000000
-498603.000000
-498616.000000
-498523.000000
-498605.000000
-498484.000000
-498519.000000
-498536.000000
-498610.000000
-498560.000000
-498604.000000
-498526.000000
-498556.000000
-498629.000000
-498563.000000
-498536.000000
-498603.000000
-498509.000000
-498570.000000
-498581.000000
-498570.000000
-498544.000000
-498539.000000
-498628.000000
-498580.000000
-498534.000000
-498509.000000
-498454.000000
-498557.000000
-498521.000000
-498574.000000
-498587.000000
-498583.000000
-498559.000000
-498480.000000
-498527.000000
-498522.000000
-498497.000000
-498546.000000
-498607.000000
-498611.000000
-498589.000000
-498490.000000
-498547.000000
-498608.000000
-498493.000000
-498530.000000
-498546.000000
-498589.000000
-483374.000000
-498547.000000
-498456.000000
-498459.000000
-498561.000000
-498603.000000
-498523.000000
-498588.000000
-498566.000000
-498421.000000
-498571.000000
-498520.000000
-498494.000000
-498576.000000
-498610.000000
-498599.000000
-498503.000000
-498580.000000
-498456.000000
-498609.000000
-498533.000000
-498502.000000
-498510.000000
-498606.000000
-498618.000000
-498544.000000
-498575.000000
-498482.000000
-498525.000000
-498587.000000
-498584.000000
-498566.000000
-498563.000000
-498603.000000
-498576.000000
-498564.000000
-498377.000000
-498418.000000
-498597.000000
-498453.000000
-498586.000000
-498577.000000
-498605.000000
-498584.000000
-498485.000000
-498508.000000
-498490.000000
-483393.000000
-498534.000000
-498573.000000
-498529.000000
-498541.000000
-498554.000000
-498544.000000
-498494.000000
-498601.000000
-498601.000000
-498522.000000
-498619.000000
-498536.000000
-498574.000000
-498635.000000
-498601.000000
-498533.000000
-498513.000000
-498490.000000
-498410.000000
-498549.000000
-498582.000000
-498561.000000
-498577.000000
-498559.000000
-483784.000000
-498550.000000
-498553.000000
-498532.000000
-498571.000000
-498604.000000
-498552.000000
-498546.000000
-498570.000000
-498569.000000
-498591.000000
-498557.000000
-498418.000000
-498518.000000
-498506.000000
-498571.000000
-498542.000000
-498574.000000
-498515.000000
-498524.000000
-498562.000000
-498605.000000
-498563.000000
-483368.000000
-498522.000000
-498538.000000
-498568.000000
-498479.000000
-498602.000000
-498619.000000
-498400.000000
-483386.000000
-498533.000000
-498500.000000
-498511.000000
-498599.000000
-498585.000000
-498623.000000
-498558.000000
-498567.000000
-498561.000000
-498510.000000
-498573.000000
-498345.000000
-498591.000000
-498610.000000
-498497.000000
-498603.000000
-498558.000000
-498424.000000
-498554.000000
-498603.000000
-498495.000000
-498502.000000
-498503.000000
-498492.000000
-498589.000000
-498558.000000
-498542.000000
-483477.000000
-498576.000000
-498585.000000
-498496.000000
-498511.000000
-498539.000000
-498604.000000
-498573.000000
-498507.000000
-498484.000000
-498548.000000
-498546.000000
-498626.000000
-498587.000000
-498506.000000
-498552.000000
-498468.000000
-498471.000000
-498515.000000
-498568.000000
-483396.000000
-498582.000000
-498492.000000
-498568.000000
-498505.000000
-498493.000000
-498589.000000
-498588.000000
-498585.000000
-498581.000000
-498612.000000
-498594.000000
-498562.000000
-498517.000000
-498531.000000
-498533.000000
-498481.000000
-498550.000000
-498542.000000
-498355.000000
-498593.000000
-498573.000000
-498548.000000
-498524.000000
-498474.000000
-498534.000000
-498544.000000
-498603.000000
-498536.000000
-498586.000000
-498531.000000
-498588.000000
-498517.000000
-498582.000000
-498577.000000
-498415.000000
-498550.000000
-498606.000000
-498561.000000
-498532.000000
-498484.000000
-498500.000000
-498530.000000
-498603.000000
-498572.000000
-498514.000000
-498568.000000
-498600.000000
-498548.000000
-498589.000000
-498533.000000
-498570.000000
-498548.000000
-498560.000000
-498597.000000
-498564.000000
-498503.000000
-498574.000000
-498586.000000
-483931.000000
-498538.000000
-498572.000000
-483379.000000
-498590.000000
-498603.000000
-498549.000000
-498565.000000
-498589.000000
-498625.000000
-498593.000000
-498538.000000
-498543.000000
-498609.000000
-498627.000000
-498526.000000
-498567.000000
-498608.000000
-498601.000000
-498556.000000
-498517.000000
-498479.000000
-498566.000000
-498414.000000
-498575.000000
-498439.000000
-498532.000000
-498597.000000
-498611.000000
-498549.000000
-498526.000000
-498599.000000
-498585.000000
-498526.000000
-498398.000000
-498501.000000
-498582.000000
-498488.000000
-483886.000000
-498553.000000
-498587.000000
-498588.000000
-498521.000000
-498488.000000
-498566.000000
-498621.000000
-498507.000000
-498612.000000
-498505.000000
-498502.000000
-498602.000000
-483939.000000
-498578.000000
-498534.000000
-498527.000000
-498601.000000
-498534.000000
-498521.000000
-498564.000000
-498603.000000
-498616.000000
-498593.000000
-498512.000000
-498583.000000
-498480.000000
-498553.000000
-498607.000000
-498538.000000
-498559.000000
-498572.000000
-498407.000000
-498613.000000
-498580.000000
-498580.000000
-498621.000000
-498616.000000
-483380.000000
-498594.000000
-498545.000000
-498500.000000
-498614.000000
-498539.000000
-498500.000000
-498601.000000
-498537.000000
-498545.000000
-498503.000000
-498618.000000
-498535.000000
-498493.000000
-498597.000000
-498484.000000
-498512.000000
-498609.000000
-498613.000000
-498581.000000
-498584.000000
-498604.000000
-498524.000000
-498577.000000
-498500.000000
-498592.000000
-498444.000000
-498623.000000
-498607.000000
-498508.000000
-498571.000000
-498575.000000
-498530.000000
-498492.000000
-498569.000000
-498539.000000
-498589.000000
-498584.000000
-498508.000000
-483858.000000
-498494.000000
-498543.000000
-498520.000000
-498512.000000
-498608.000000
-498547.000000
-498584.000000
-498619.000000
-498620.000000
-498513.000000
-498571.000000
-498582.000000
-498583.000000
-498574.000000
-498532.000000
-498556.000000
-498589.000000
-498330.000000
-498473.000000
-483230.000000
-498499.000000
-498526.000000
-498520.000000
-498568.000000
-498559.000000
-498505.000000
-498527.000000
-498484.000000
-498347.000000
-498495.000000
-483380.000000
-498605.000000
-498527.000000
-498552.000000
-498542.000000
-498543.000000
-498574.000000
-498504.000000
-498543.000000
-498375.000000
-498562.000000
-498582.000000
-498489.000000
-498608.000000
-498530.000000
-498538.000000
-498480.000000
-498557.000000
-498601.000000
-498498.000000
-498572.000000
-498594.000000
-498555.000000
-498519.000000
-498559.000000
-498605.000000
-498548.000000
-498533.000000
-498458.000000
-498436.000000
-498522.000000
-498581.000000
-498572.000000
-498573.000000
-498467.000000
-498552.000000
-498472.000000
-498561.000000
-498584.000000
-498600.000000
-498587.000000
-498483.000000
-498427.000000
-498544.000000
-498627.000000
-498572.000000
-498616.000000
-498563.000000
-498605.000000
-498542.000000
-498521.000000
-498499.000000
-498607.000000
-498592.000000
-498534.000000
-498569.000000
-498567.000000
-498586.000000
-498510.000000
-498431.000000
-498551.000000
-498515.000000
-498599.000000
-498454.000000
-498588.000000
-498605.000000
-498564.000000
-498598.000000
-498548.000000
-498530.000000
-498564.000000
-498447.000000
-498573.000000
-498549.000000
-498574.000000
-498545.000000
-498576.000000
-483457.000000
-498541.000000
-483419.000000
-498558.000000
-498611.000000
-498521.000000
-498635.000000
-498502.000000
-498546.000000
-498596.000000
-498614.000000
-498554.000000
-498548.000000
-483465.000000
-498565.000000
-498524.000000
-498604.000000
-498568.000000
-498603.000000
-498584.000000
-498539.000000
-498538.000000
-498605.000000
-498557.000000
-498340.000000
-498564.000000
-498560.000000
-498570.000000
-498611.000000
-498562.000000
-498559.000000
-498597.000000
-498530.000000
-498619.000000
-498589.000000
-498558.000000
-498588.000000
-498526.000000
-498598.000000
-498620.000000
-498613.000000
-498506.000000
-498623.000000
-498596.000000
-498494.000000
-498625.000000
-498557.000000
-498577.000000
-498578.000000
-498563.000000
-498518.000000
-498484.000000
-498542.000000
-498590.000000
-498546.000000
-498599.000000
-498468.000000
-498400.000000
-498611.000000
-498483.000000
-498555.000000
-498593.000000
-498520.000000
-498613.000000
-498548.000000
-498503.000000
-498566.000000
-498489.000000
-498552.000000
-498547.000000
-498625.000000
-498586.000000
-498566.000000
-498609.000000
-498567.000000
-498577.000000
-483403.000000
-498584.000000
-498613.000000
-498528.000000
-498578.000000
-498573.000000
-498614.000000
-498519.000000
-498607.000000
-498536.000000
-498578.000000
-498629.000000
-498502.000000
-498541.000000
-483392.000000
-498609.000000
-498518.000000
-498543.000000
-498612.000000
-498493.000000
-498605.000000
-498565.000000
-498564.000000
-498574.000000
-498587.000000
-498613.000000
-498599.000000
-498555.000000
-498590.000000
-498543.000000
-498488.000000
-498615.000000
-498516.000000
-498600.000000
-498580.000000
-498553.000000
-483436.000000
-498580.000000
-498597.000000
-498615.000000
-498542.000000
-498561.000000
-498568.000000
-498623.000000
-498538.000000
-498507.000000
-498604.000000
-498505.000000
-498613.000000
-498623.000000
-498624.000000
-498575.000000
-498398.000000
-498580.000000
-498536.000000
-498522.000000
-498562.000000
-498564.000000
-483421.000000
-498556.000000
-498517.000000
-498537.000000
-498599.000000
-498545.000000
-498614.000000
-498558.000000
-498560.000000
-498627.000000
-498472.000000
-498518.000000
-498430.000000
-498534.000000
-498479.000000
-498578.000000
-498596.000000
-498556.000000
-498576.000000
-498617.000000
-498581.000000
-498601.000000
-498579.000000
-498611.000000
-498437.000000
-498570.000000
-498599.000000
-498490.000000
-498546.000000
-498567.000000
-498484.000000
-498540.000000
-498572.000000
-498555.000000
-498472.000000
-498550.000000
-498533.000000
-498561.000000
-498550.000000
-498523.000000
-498591.000000
-498572.000000
-498535.000000
-498608.000000
-498577.000000
-498521.000000
-498553.000000
-498542.000000
-498527.000000
-498541.000000
-498591.000000
-498578.000000
-498561.000000
-498457.000000
-498518.000000
-498549.000000
-498609.000000
-498562.000000
-498527.000000
-498560.000000
-498540.000000
-498536.000000
-498623.000000
-498590.000000
-498584.000000
-498569.000000
-498535.000000
-498588.000000
-498584.000000
-498555.000000
-498545.000000
-498583.000000
-498512.000000
-498589.000000
-498585.000000
-498618.000000
-498604.000000
-498568.000000
-498552.000000
-483336.000000
-498383.000000
-498609.000000
-498395.000000
-498489.000000
-498545.000000
-498587.000000
-498559.000000
-498553.000000
-483924.000000
-498580.000000
-498560.000000
-498599.000000
-498537.000000
-498526.000000
-498516.000000
-498459.000000
-498550.000000
-498524.000000
-498515.000000
-498533.000000
-498575.000000
-498619.000000
-483375.000000
-498543.000000
-498550.000000
-498586.000000
-498528.000000
-498535.000000
-498609.000000
-498540.000000
-498587.000000
-498575.000000
-498561.000000
-498603.000000
-498543.000000
-498565.000000
-498472.000000
-498587.000000
-498531.000000
-498518.000000
-498516.000000
-498562.000000
-498552.000000
-498551.000000
-483428.000000
-498482.000000
-498491.000000
-498548.000000
-498529.000000
-498440.000000
-498552.000000
-498523.000000
-498581.000000
-498591.000000
-498469.000000
-498558.000000
-498595.000000
-483422.000000
-498542.000000
-498563.000000
-498597.000000
-498577.000000
-498550.000000
-498528.000000
-498500.000000
-498582.000000
-498570.000000
-498488.000000
-498563.000000
-498607.000000
-498608.000000
-498567.000000
-498453.000000
-498457.000000
-498455.000000
-498582.000000
-498556.000000
-498604.000000
-498562.000000
-498569.000000
-498613.000000
-498575.000000
-498522.000000
-498551.000000
-498599.000000
-498479.000000
-498623.000000
-498608.000000
-498609.000000
-498578.000000
-498520.000000
-498440.000000
-498572.000000
-498571.000000
-498601.000000
-498595.000000
-498474.000000
-498494.000000
-498515.000000
-498559.000000
-498535.000000
-498597.000000
-498484.000000
-498529.000000
-498561.000000
-498456.000000
-498582.000000
-498550.000000
-498595.000000
-498550.000000
-498605.000000
-498495.000000
-498581.000000
-498586.000000
-498530.000000
-498516.000000
-498605.000000
-498450.000000
-498621.000000
-498558.000000
-498492.000000
-498534.000000
-498530.000000
-498583.000000
-498595.000000
-498506.000000
-498559.000000
-498513.000000
-498413.000000
-498574.000000
-498536.000000
-498532.000000
-498585.000000
-498557.000000
-498426.000000
-498593.000000
-498576.000000
-498470.000000
-498571.000000
-498524.000000
-498578.000000
-498491.000000
-498575.000000
-498486.000000
-498522.000000
-498590.000000
-498574.000000
-498571.000000
-498435.000000
-498530.000000
-498560.000000
-498534.000000
-498543.000000
-498556.000000
-498577.000000
-498549.000000
-498573.000000
-498586.000000
-498518.000000
-498493.000000
-498535.000000
-498567.000000
-498593.000000
-498508.000000
-498589.000000
-498512.000000
-498474.000000
-498368.000000
-498528.000000
-498557.000000
-498517.000000
-498438.000000
-498493.000000
-498570.000000
-498561.000000
-498481.000000
-483440.000000
-498616.000000
-498558.000000
-498608.000000
-498607.000000
-498487.000000
-498595.000000
-498471.000000
-498482.000000
-498563.000000
-498617.000000
-498436.000000
-498574.000000
-498589.000000
-483413.000000
-498514.000000
-498603.000000
-498498.000000
-498563.000000
-498492.000000
-498621.000000
-498572.000000
-498559.000000
-498604.000000
-498550.000000
-483432.000000
-498555.000000
-498571.000000
-498583.000000
-498457.000000
-498537.000000
-498589.000000
-498507.000000
-498436.000000
-498541.000000
-498462.000000
-498494.000000
-498554.000000
-498585.000000
-498617.000000
-498576.000000
-498557.000000
-498521.000000
-498595.000000
-498435.000000
-498406.000000
-498550.000000
-498532.000000
-498561.000000
-498484.000000
-498568.000000
-498555.000000
-498579.000000
-498591.000000
-498425.000000
-498601.000000
-498564.000000
-498527.000000
-498418.000000
-498609.000000
-498596.000000
-498549.000000
-498467.000000
-498422.000000
-498571.000000
-498580.000000
-498569.000000
-498608.000000
-498531.000000
-498569.000000
-498569.000000
-498600.000000
-498533.000000
-498504.000000
-498479.000000
-498614.000000
-498536.000000
-498555.000000
-498581.000000
-498579.000000
-498603.000000
-498554.000000
-498528.000000
-498544.000000
-498488.000000
-498536.000000
-498603.000000
-498599.000000
-498522.000000
-498589.000000
-498584.000000
-498516.000000
-498473.000000
-498518.000000
-498538.000000
-498540.000000
-498575.000000
-498609.000000
-498557.000000
-498611.000000
-498555.000000
-498539.000000
-498551.000000
-498609.000000
-498584.000000
-498601.000000
-498562.000000
-498476.000000
-498565.000000
-498579.000000
-498527.000000
-498568.000000
-498572.000000
-498403.000000
-498525.000000
-498611.000000
-498578.000000
-498536.000000
-498542.000000
-498523.000000
-498545.000000
-498584.000000
-498535.000000
-498482.000000
-498567.000000
-498502.000000
-498591.000000
-498584.000000
-498563.000000
-498574.000000
-498473.000000
-498586.000000
-498560.000000
-498445.000000
-498614.000000
-498596.000000
-498539.000000
-498603.000000
-498586.000000
-498548.000000
-498374.000000
-498598.000000
-498570.000000
-498570.000000
-498509.000000
-498544.000000
-498621.000000
-498546.000000
-498561.000000
-498615.000000
-498609.000000
-498514.000000
-498598.000000
-498453.000000
-498542.000000
-498546.000000
-498557.000000
-498463.000000
-498520.000000
-498516.000000
-498507.000000
-498555.000000
-498519.000000
-498609.000000
-498442.000000
-498598.000000
-498525.000000
-483396.000000
-498508.000000
-498562.000000
-498593.000000
-498424.000000
-498487.000000
-498523.000000
-498534.000000
-498530.000000
-498564.000000
-498572.000000
-498623.000000
-498558.000000
-498584.000000
-498536.000000
-498605.000000
-498542.000000
-498545.000000
-498621.000000
-498459.000000
-498584.000000
-498581.000000
-498581.000000
-498506.000000
-498505.000000
-498602.000000
-498617.000000
-498566.000000
-498585.000000
-498573.000000
-498570.000000
-498617.000000
-498611.000000
-498580.000000
-498605.000000
-498621.000000
-498500.000000
-498532.000000
-498533.000000
-498542.000000
-498591.000000
-498569.000000
-498577.000000
-498501.000000
-498436.000000
-483827.000000
-498575.000000
-498549.000000
-498576.000000
-498563.000000
-498586.000000
-498552.000000
-498462.000000
-498610.000000
-498526.000000
-498538.000000
-498484.000000
-498550.000000
-498506.000000
-498573.000000
-498493.000000
-498494.000000
-498311.000000
-498525.000000
-498509.000000
-498548.000000
-498583.000000
-498579.000000
-498533.000000
-498329.000000
-498570.000000
-498583.000000
-498509.000000
-498621.000000
-498585.000000
-498561.000000
-498539.000000
-498601.000000
-498554.000000
-498581.000000
-498578.000000
-498523.000000
-498534.000000
-498590.000000
-498540.000000
-498494.000000
-498509.000000
-498572.000000
-498515.000000
-498497.000000
-498563.000000
-498569.000000
-498546.000000
-498570.000000
-498611.000000
-483397.000000
-498560.000000
-498571.000000
-498579.000000
-498569.000000
-483414.000000
-498597.000000
-498524.000000
-498580.000000
-498435.000000
-498609.000000
-498552.000000
-498591.000000
-498508.000000
-498583.000000
-498533.000000
-498581.000000
-498527.000000
-498571.000000
-498559.000000
-483399.000000
-498546.000000
-498546.000000
-498586.000000
-498527.000000
-498548.000000
-498475.000000
-483402.000000
-498510.000000
-498514.000000
-498555.000000
-498462.000000
-498594.000000
-498595.000000
-498566.000000
-498459.000000
-498550.000000
-498596.000000
-498548.000000
-498524.000000
-498574.000000
-498506.000000
-498517.000000
-498542.000000
-498558.000000
-498404.000000
-498585.000000
-498533.000000
-498545.000000
-498540.000000
-498475.000000
-498590.000000
-498593.000000
-498453.000000
-498550.000000
-498614.000000
-498534.000000
-498572.000000
-498591.000000
-498505.000000
-498533.000000
-498489.000000
-498561.000000
-498557.000000
-498534.000000
-498498.000000
-498608.000000
-483348.000000
-498505.000000
-498571.000000
-498595.000000
-498576.000000
-498599.000000
-498529.000000
-498574.000000
-498572.000000
-498422.000000
-498581.000000
-498541.000000
-498573.000000
-498596.000000
-498455.000000
-498571.000000
-498534.000000
-498590.000000
-498583.000000
-498583.000000
-498585.000000
-498557.000000
-498513.000000
-498515.000000
-498518.000000
-498622.000000
-498462.000000
-498529.000000
-498539.000000
-498601.000000
-498549.000000
-498558.000000
-498567.000000
-498507.000000
-498545.000000
-498545.000000
-498594.000000
-498576.000000
-498615.000000
-498559.000000
-498372.000000
-498539.000000
-498554.000000
-498540.000000
-498597.000000
-498625.000000
-498456.000000
-498568.000000
-498586.000000
-498606.000000
-498586.000000
-498555.000000
-498417.000000
-498593.000000
-498450.000000
-498522.000000
-498518.000000
-498597.000000
-498595.000000
-498562.000000
-498577.000000
-498584.000000
-498512.000000
-498549.000000
-498404.000000
-498610.000000
-498515.000000
-498621.000000
-498336.000000
-498541.000000
-498567.000000
-498575.000000
-498433.000000
-498494.000000
-498519.000000
-498529.000000
-498557.000000
-498588.000000
-498486.000000
-498557.000000
-498569.000000
-498538.000000
-498468.000000
-498585.000000
-498617.000000
-498464.000000
-498580.000000
-498564.000000
-498550.000000
-498469.000000
-498558.000000
-498590.000000
-498570.000000
-498585.000000
-498567.000000
-498527.000000
-498525.000000
-483455.000000
-498498.000000
-498583.000000
-498586.000000
-498582.000000
-498545.000000
-483387.000000
-498647.000000
-498576.000000
-498467.000000
-498579.000000
-498352.000000
-498603.000000
-498490.000000
-498619.000000
-498511.000000
-498495.000000
-498523.000000
-498536.000000
-498579.000000
-498518.000000
-498609.000000
-498520.000000
-498555.000000
-498551.000000
-498502.000000
-498579.000000
-498612.000000
-498476.000000
-498562.000000
-498574.000000
-498594.000000
-498536.000000
-498593.000000
-498631.000000
-498569.000000
-498540.000000
-498613.000000
-498512.000000
-498512.000000
-498539.000000
-498577.000000
-498504.000000
-483384.000000
-498533.000000
-498507.000000
-498565.000000
-498526.000000
-498541.000000
-498586.000000
-498572.000000
-498501.000000
-498495.000000
-498591.000000
-498600.000000
-498527.000000
-498621.000000
-498584.000000
-498570.000000
-498569.000000
-498551.000000
-498538.000000
-498504.000000
-498478.000000
-498496.000000
-498337.000000
-498562.000000
-483396.000000
-498522.000000
-498581.000000
-498598.000000
-498456.000000
-498548.000000
-498571.000000
-498606.000000
-498584.000000
-498587.000000
-498602.000000
-498629.000000
-498550.000000
-498573.000000
-498586.000000
-498389.000000
-498526.000000
-498569.000000
-498509.000000
-498495.000000
-498479.000000
-483382.000000
-498518.000000
-498562.000000
-498498.000000
-498531.000000
-498563.000000
-498494.000000
-498599.000000
-498576.000000
-498526.000000
-498321.000000
-498534.000000
-498601.000000
-498549.000000
-498538.000000
-498590.000000
-498534.000000
-498560.000000
-498520.000000
-498628.000000
-498516.000000
-498552.000000
-498412.000000
-498567.000000
-498430.000000
-498546.000000
-498543.000000
-498522.000000
-498585.000000
-498561.000000
-498587.000000
-498507.000000
-498502.000000
-498564.000000
-498487.000000
-498611.000000
-498479.000000
-498572.000000
-498605.000000
-498584.000000
-498550.000000
-498514.000000
-498464.000000
-498575.000000
-498509.000000
-498507.000000
-498524.000000
-498476.000000
-483476.000000
-498615.000000
-498601.000000
-498503.000000
-498618.000000
-498546.000000
-498587.000000
-498615.000000
-498533.000000
-498525.000000
-498454.000000
-498571.000000
-498547.000000
-498352.000000
-498545.000000
-498515.000000
-498515.000000
-498541.000000
-498529.000000
-498577.000000
-498586.000000
-498531.000000
-498605.000000
-498520.000000
-498576.000000
-498526.000000
-498583.000000
-498573.000000
-498605.000000
-498590.000000
-498416.000000
-498607.000000
-498596.000000
-498501.000000
-498545.000000
-498542.000000
-498579.000000
-498551.000000
-498537.000000
-498508.000000
-498540.000000
-498605.000000
-498464.000000
-498566.000000
-498553.000000
-498583.000000
-498518.000000
-498571.000000
-498567.000000
-498601.000000
-498537.000000
-498564.000000
-498558.000000
-498536.000000
-498545.000000
-498491.000000
-498562.000000
-498482.000000
-498612.000000
-498619.000000
-498613.000000
-498578.000000
-498553.000000
-498547.000000
-498556.000000
-498485.000000
-498594.000000
-483348.000000
-498520.000000
-498574.000000
-498609.000000
-498587.000000
-498578.000000
-498542.000000
-498484.000000
-498585.000000
-498558.000000
-498557.000000
-498617.000000
-498512.000000
-498584.000000
-498590.000000
-498507.000000
-498609.000000
-498597.000000
-498518.000000
-498466.000000
-498487.000000
-498463.000000
-498593.000000
-498486.000000
-498555.000000
-483367.000000
-498520.000000
-498595.000000
-498583.000000
-498608.000000
-498520.000000
-498483.000000
-498558.000000
-498600.000000
-498580.000000
-498453.000000
-498552.000000
-498504.000000
-498629.000000
-498460.000000
-498517.000000
-498619.000000
-498574.000000
-498581.000000
-498578.000000
-498600.000000
-498518.000000
-498619.000000
-498564.000000
-498584.000000
-498609.000000
-498594.000000
-498609.000000
-498478.000000
-498507.000000
-498579.000000
-498509.000000
-498512.000000
-498513.000000
-498547.000000
-498617.000000
-498570.000000
-498579.000000
-498557.000000
-498585.000000
-498569.000000
-498449.000000
-498483.000000
-498581.000000
-498572.000000
-498570.000000
-498528.000000
-498557.000000
-498540.000000
-498550.000000
-498524.000000
-498364.000000
-498564.000000
-498516.000000
-498533.000000
-498591.000000
-498561.000000
-498523.000000
-498474.000000
-498564.000000
-498489.000000
-498417.000000
-498482.000000
-498533.000000
-498525.000000
-498558.000000
-498512.000000
-498499.000000
-498525.000000
-498583.000000
-498547.000000
-498508.000000
-498524.000000
-498484.000000
-498581.000000
-498604.000000
-498581.000000
-498516.000000
-498528.000000
-498617.000000
-498548.000000
-498606.000000
-498568.000000
-498564.000000
-498592.000000
-498529.000000
-498550.000000
-498574.000000
-498566.000000
-498599.000000
-498601.000000
-498626.000000
-498573.000000
-498585.000000
-498621.000000
-498524.000000
-498572.000000
-498531.000000
-498515.000000
-498588.000000
-498609.000000
-483438.000000
-498590.000000
-498551.000000
-498544.000000
-498593.000000
-498568.000000
-498633.000000
-498559.000000
-498587.000000
-498530.000000
-498508.000000
-498541.000000
-498573.000000
-498510.000000
-498508.000000
-498600.000000
-498544.000000
-483211.000000
-498590.000000
-498589.000000
-498501.000000
-498449.000000
-498599.000000
-483433.000000
-498539.000000
-498569.000000
-498518.000000
-498500.000000
-498607.000000
-498578.000000
-498598.000000
-498608.000000
-498508.000000
-498462.000000
-498486.000000
-498579.000000
-498515.000000
-498484.000000
-498457.000000
-498488.000000
-498513.000000
-498615.000000
-498518.000000
-498450.000000
-498538.000000
-483412.000000
-498552.000000
-498588.000000
-498420.000000
-498542.000000
-498591.000000
-498601.000000
-498505.000000
-498565.000000
-498440.000000
-498539.000000
-498342.000000
-498528.000000
-498497.000000
-498571.000000
-498525.000000
-498412.000000
-498601.000000
-498537.000000
-498597.000000
-498461.000000
-498511.000000
-498588.000000
-498593.000000
-498468.000000
-498531.000000
-483884.000000
-498444.000000
-498587.000000
-498589.000000
-498576.000000
-498379.000000
-498596.000000
-498622.000000
-498555.000000
-498581.000000
-498541.000000
-498589.000000
-498591.000000
-498523.000000
-498522.000000
-498613.000000
-498581.000000
-498562.000000
-498502.000000
-483347.000000
-498559.000000
-483349.000000
-498520.000000
-498564.000000
-483375.000000
-498546.000000
-498543.000000
-498542.000000
-498526.000000
-498533.000000
-498628.000000
-498569.000000
-498566.000000
-498517.000000
-498414.000000
-498597.000000
-498568.000000
-498621.000000
-498605.000000
-498617.000000
-498512.000000
-498518.000000
-498523.000000
-498543.000000
-498479.000000
-498569.000000
-498544.000000
-498549.000000
-498360.000000
-498519.000000
-498544.000000
-498502.000000
-498550.000000
-498579.000000
-498542.000000
-483348.000000
