-405411.000000
-464371.000000
-420570.000000
-498389.000000
-414556.000000
-425116.000000
-498025.000000
-493019.000000
-494759.000000
-498076.000000
-498460.000000
-496983.000000
-433878.000000
-498402.000000
-498423.000000
-379258.000000
-496372.000000
-453033.000000
-494006.000000
-498418.000000
-463587.000000
-498487.000000
-498452.000000
-450453.000000
-436769.000000
-494790.000000
-498260.000000
-498077.000000
-414173.000000
-460198.000000
-466014.000000
-461868.000000
-487360.000000
-431904.000000
-495048.000000
-497615.000000
-471843.000000
-497652.000000
-498437.000000
-497011.000000
-452206.000000
-445697.000000
-452147.000000
-407966.000000
-456394.000000
-498321.000000
-435899.000000
-492272.000000
-468823.000000
-457543.000000
-490396.000000
-498114.000000
-498275.000000
-447431.000000
-493596.000000
-419991.000000
-498429.000000
-498404.000000
-437233.000000
-317772.000000
-406163.000000
-490633.000000
-498339.000000
-494393.000000
-451141.000000
-405350.000000
-486928.000000
-493878.000000
-498430.000000
-496172.000000
-465637.000000
-465613.000000
-498370.000000
-495481.000000
-498418.000000
-498382.000000
-498402.000000
-482236.000000
-498086.000000
-495499.000000
-409300.000000
-498395.000000
-422984.000000
-498445.000000
-498395.000000
-424397.000000
-498312.000000
-498413.000000
-437404.000000
-457999.000000
-496467.000000
-465673.000000
-493109.000000
-359233.000000
-460057.000000
-496659.000000
-488401.000000
-496820.000000
-423438.000000
-433216.000000
-496312.000000
-336327.000000
-498356.000000
-431068.000000
-465667.000000
-467392.000000
-496267.000000
-498428.000000
-491215.000000
-498439.000000
-498386.000000
-495779.000000
-482476.000000
-498339.000000
-482506.000000
-498297.000000
-493171.000000
-496284.000000
-445042.000000
-458404.000000
-453118.000000
-485620.000000
-434589.000000
-498288.000000
-494735.000000
-493996.000000
-498401.000000
-493058.000000
-491665.000000
-498436.000000
-498409.000000
-498384.000000
-448050.000000
-497320.000000
-495722.000000
-497585.000000
-498100.000000
-492010.000000
-498354.000000
-446133.000000
-464512.000000
-461707.000000
-419024.000000
-495366.000000
-461510.000000
-457689.000000
-386846.000000
-466672.000000
-466012.000000
-498445.000000
-488855.000000
-498135.000000
-431706.000000
-498378.000000
-483012.000000
-496118.000000
-496074.000000
-498420.000000
-464639.000000
-498198.000000
-468483.000000
-498410.000000
-498361.000000
-338382.000000
-497582.000000
-495200.000000
-488684.000000
-490633.000000
-471026.000000
-496374.000000
-456284.000000
-498447.000000
-498388.000000
-498396.000000
-434418.000000
-488782.000000
-473883.000000
-491035.000000
-427174.000000
-498021.000000
-464155.000000
-362180.000000
-461558.000000
-470178.000000
-495397.000000
-497756.000000
-493972.000000
-473407.000000
-498436.000000
-468649.000000
-498425.000000
-495481.000000
-498425.000000
-496223.000000
-498120.000000
-450731.000000
-490675.000000
-356614.000000
-495600.000000
-492489.000000
-498343.000000
-461190.000000
-480414.000000
-465309.000000
-457580.000000
-498436.000000
-498325.000000
-495686.000000
-498435.000000
-361363.000000
-489078.000000
-490656.000000
-488926.000000
-498401.000000
-457567.000000
-498447.000000
-455969.000000
-491037.000000
-495182.000000
-491265.000000
-490286.000000
-496579.000000
-496463.000000
-498097.000000
-489133.000000
-498455.000000
-498382.000000
-471085.000000
-496582.000000
-496313.000000
-490065.000000
-486518.000000
-493988.000000
-494081.000000
-409830.000000
-496045.000000
-464590.000000
-496652.000000
-495242.000000
-492616.000000
-493626.000000
-497780.000000
-481522.000000
-472195.000000
-497415.000000
-354338.000000
-480615.000000
-495748.000000
-493602.000000
-434996.000000
-476140.000000
-462788.000000
-498397.000000
-427532.000000
-483639.000000
-450867.000000
-495712.000000
-498404.000000
-486514.000000
-497633.000000
-438814.000000
-492846.000000
-497159.000000
-497442.000000
-468151.000000
-498434.000000
-498417.000000
-422526.000000
-467777.000000
-467407.000000
-481527.000000
-498370.000000
-334049.000000
-496386.000000
-425629.000000
-444084.000000
-459580.000000
-498100.000000
-496008.000000
-482542.000000
-360849.000000
-477952.000000
-480421.000000
-453641.000000
-496993.000000
-481206.000000
-459182.000000
-469847.000000
-484903.000000
-490433.000000
-378336.000000
-462030.000000
-494677.000000
-485412.000000
-496562.000000
-498385.000000
-498310.000000
-424739.000000
-498370.000000
-433539.000000
-496204.000000
-491509.000000
-465610.000000
-497086.000000
-498421.000000
-466630.000000
-495885.000000
-464724.000000
-497272.000000
-498390.000000
-498355.000000
-495763.000000
-405265.000000
-462131.000000
-462820.000000
-498391.000000
-474388.000000
-465543.000000
-498451.000000
-469827.000000
-495304.000000
-480127.000000
-463984.000000
-345227.000000
-460360.000000
-497673.000000
-443483.000000
-494475.000000
-498363.000000
-498190.000000
-498395.000000
-454188.000000
-478768.000000
-364994.000000
-491326.000000
-485416.000000
-475282.000000
-494040.000000
-488630.000000
-447938.000000
-498209.000000
-463053.000000
-498405.000000
-492770.000000
-463370.000000
-481937.000000
-496585.000000
-498451.000000
-473734.000000
-458637.000000
-452118.000000
-497991.000000
-495936.000000
-458786.000000
-496252.000000
-498380.000000
-449946.000000
-494525.000000
-433867.000000
-447156.000000
-494697.000000
-428039.000000
-469564.000000
-492986.000000
-498404.000000
-459026.000000
-493233.000000
-498418.000000
-495038.000000
-496186.000000
-484210.000000
-496642.000000
-494179.000000
-382678.000000
-489906.000000
-498333.000000
-463795.000000
-494453.000000
-457533.000000
-498037.000000
-452850.000000
-498461.000000
-465381.000000
-491967.000000
-347102.000000
-465249.000000
-391801.000000
-498426.000000
-498427.000000
-482685.000000
-498405.000000
-435782.000000
-498381.000000
-456736.000000
-484599.000000
-488956.000000
-496072.000000
-465648.000000
-488419.000000
-494749.000000
-462165.000000
-495253.000000
-486881.000000
-498389.000000
-485244.000000
-498407.000000
-448578.000000
-394304.000000
-498458.000000
-481779.000000
-498435.000000
-494064.000000
-496488.000000
-498427.000000
-491417.000000
-465255.000000
-455535.000000
-485288.000000
-497782.000000
-476796.000000
-498437.000000
-497784.000000
-469477.000000
-497640.000000
-498069.000000
-481470.000000
-498387.000000
-463059.000000
-495918.000000
-492739.000000
-472237.000000
-442186.000000
-497269.000000
-498393.000000
-493996.000000
-497436.000000
-496195.000000
-498355.000000
-498395.000000
-494682.000000
-498385.000000
-494299.000000
-498332.000000
-465072.000000
-463779.000000
-456787.000000
-498418.000000
-453412.000000
-405220.000000
-492638.000000
-466371.000000
-478186.000000
-475829.000000
-400403.000000
-494644.000000
-456772.000000
-495934.000000
-498327.000000
-467078.000000
-463441.000000
-498423.000000
-459461.000000
-458411.000000
-498338.000000
-493081.000000
-497415.000000
-493851.000000
-383935.000000
-452567.000000
-496878.000000
-493008.000000
-489933.000000
-495344.000000
-498343.000000
-490256.000000
-491936.000000
-463764.000000
-494124.000000
-498038.000000
-463215.000000
-497170.000000
-450280.000000
-367829.000000
-480679.000000
-464495.000000
-455987.000000
-498202.000000
-495847.000000
-498407.000000
-496123.000000
-498404.000000
-498378.000000
-485836.000000
-497148.000000
-498048.000000
-498431.000000
-498025.000000
-365442.000000
-463217.000000
-483787.000000
-459165.000000
-498256.000000
-498378.000000
-496209.000000
-465273.000000
-495105.000000
-496301.000000
-462412.000000
-464019.000000
-360433.000000
-497081.000000
-498415.000000
-492203.000000
-498382.000000
-455092.000000
-492301.000000
-498392.000000
-470876.000000
-473374.000000
-498422.000000
-490152.000000
-498037.000000
-498184.000000
-498419.000000
-496165.000000
-495208.000000
-490850.000000
-447734.000000
-498464.000000
-435116.000000
-475580.000000
-494251.000000
-476844.000000
-498382.000000
-486013.000000
-467687.000000
-498386.000000
-440933.000000
-498421.000000
-495257.000000
-498422.000000
-497874.000000
-429044.000000
-469074.000000
-497897.000000
-495912.000000
-486547.000000
-488777.000000
-498330.000000
-495239.000000
-463368.000000
-458407.000000
-496431.000000
-482520.000000
-479618.000000
-491466.000000
-490297.000000
-480195.000000
-474984.000000
-477104.000000
-456789.000000
-459214.000000
-498404.000000
-467428.000000
-498354.000000
-487970.000000
-484103.000000
-483501.000000
-440216.000000
-498395.000000
-435641.000000
-458565.000000
-449659.000000
-468968.000000
-498415.000000
-498390.000000
-497186.000000
-498066.000000
-428741.000000
-431347.000000
-494693.000000
-498402.000000
-498413.000000
-498387.000000
-498419.000000
-498411.000000
-498103.000000
-482514.000000
-498391.000000
-450397.000000
-498265.000000
-463790.000000
-468108.000000
-498431.000000
-492243.000000
-396861.000000
-496928.000000
-498417.000000
-419499.000000
-495956.000000
-498371.000000
-467396.000000
-435101.000000
-467519.000000
-485222.000000
-495613.000000
-452611.000000
-495263.000000
-492344.000000
-479415.000000
-409933.000000
-495471.000000
-493938.000000
-495758.000000
-492908.000000
-498408.000000
-498364.000000
-474372.000000
-467397.000000
-480129.000000
-470022.000000
-497468.000000
-405724.000000
-461922.000000
-459202.000000
-458506.000000
-425526.000000
-460749.000000
-498374.000000
-496766.000000
-486627.000000
-489054.000000
-492919.000000
-386332.000000
-498444.000000
-460341.000000
-491671.000000
-495809.000000
-465584.000000
-475911.000000
-495126.000000
-498403.000000
-492090.000000
-465238.000000
-498412.000000
-495579.000000
-498364.000000
-492389.000000
-397922.000000
-492314.000000
-394984.000000
-396311.000000
-498419.000000
-468442.000000
-425473.000000
-481445.000000
-498377.000000
-483734.000000
-362352.000000
-464958.000000
-498224.000000
-466320.000000
-498414.000000
-361103.000000
-464904.000000
-498433.000000
-398506.000000
-411419.000000
-498420.000000
-479601.000000
-464325.000000
-498390.000000
-492497.000000
-339714.000000
-492474.000000
-451406.000000
-498442.000000
-475895.000000
-498400.000000
-494331.000000
-483741.000000
-498404.000000
-447487.000000
-498394.000000
-496387.000000
-492117.000000
-470875.000000
-364372.000000
-498347.000000
-498437.000000
-493440.000000
-494053.000000
-498412.000000
-498403.000000
-498055.000000
-495819.000000
-498166.000000
-471853.000000
-494420.000000
-459323.000000
-497117.000000
-498424.000000
-498409.000000
-493970.000000
-486494.000000
-468411.000000
-459610.000000
-455428.000000
-498378.000000
-495204.000000
-491222.000000
-498124.000000
-460763.000000
-497648.000000
-495036.000000
-426201.000000
-497965.000000
-356270.000000
-494940.000000
-405221.000000
-437907.000000
-461992.000000
-483754.000000
-468066.000000
-498390.000000
-468337.000000
-452643.000000
-498460.000000
-498452.000000
-498416.000000
-498206.000000
-491841.000000
-454185.000000
-465064.000000
-498376.000000
-480968.000000
-465632.000000
-495111.000000
-495460.000000
-467460.000000
-498015.000000
-483779.000000
-497723.000000
-497413.000000
-497975.000000
-498427.000000
-498183.000000
-497557.000000
-498420.000000
-495349.000000
-425763.000000
-492204.000000
-498372.000000
-487413.000000
-498377.000000
-498414.000000
-482187.000000
-472774.000000
-491034.000000
-498412.000000
-498415.000000
-498446.000000
-498335.000000
-490312.000000
-498413.000000
-496081.000000
-496692.000000
-480996.000000
-494731.000000
-410032.000000
-498264.000000
-477445.000000
-493314.000000
-498432.000000
-494588.000000
-485261.000000
-383070.000000
-495873.000000
-498454.000000
-492461.000000
-493648.000000
-449967.000000
-449006.000000
-493079.000000
-498434.000000
-497027.000000
-498298.000000
-498358.000000
-497903.000000
-498389.000000
-431050.000000
-497640.000000
-455531.000000
-467745.000000
-494792.000000
-491419.000000
-457628.000000
-498345.000000
-498368.000000
-497459.000000
-495820.000000
-492779.000000
-468175.000000
-468795.000000
-466058.000000
-496159.000000
-492336.000000
-493388.000000
-402291.000000
-454266.000000
-498313.000000
-455156.000000
-462963.000000
-461969.000000
-488487.000000
-491293.000000
-492963.000000
-442682.000000
-461098.000000
-494645.000000
-498377.000000
-425147.000000
-494586.000000
-439410.000000
-497957.000000
-496210.000000
-460793.000000
-494656.000000
-457029.000000
-495626.000000
-493384.000000
-498376.000000
-464532.000000
-465611.000000
-493053.000000
-463775.000000
-458132.000000
-390220.000000
-498419.000000
-424757.000000
-468798.000000
-464563.000000
-497806.000000
-498276.000000
-400968.000000
-399188.000000
-375958.000000
-481093.000000
-493659.000000
-498425.000000
-498426.000000
-494620.000000
-438612.000000
-448882.000000
-498372.000000
-476503.000000
-498410.000000
-481174.000000
-470900.000000
-495593.000000
-481508.000000
-486538.000000
-480160.000000
-498377.000000
-487582.000000
-496194.000000
-466357.000000
-466713.000000
-492136.000000
-498437.000000
-496402.000000
-491350.000000
-378957.000000
-463238.000000
-467371.000000
-459624.000000
-466028.000000
-485565.000000
-403741.000000
-466333.000000
-490281.000000
-494537.000000
-463470.000000
-449634.000000
-495339.000000
-477082.000000
-457538.000000
-470823.000000
-498433.000000
-498377.000000
-495199.000000
-456986.000000
-498411.000000
-481242.000000
-498392.000000
-481488.000000
-498423.000000
-403526.000000
-481443.000000
-498414.000000
-498410.000000
-498072.000000
-466349.000000
-494581.000000
-494918.000000
-461978.000000
-487412.000000
-494792.000000
-496236.000000
-490319.000000
-498404.000000
-459199.000000
-496278.000000
-383593.000000
-496295.000000
-475962.000000
-498376.000000
-453953.000000
-476795.000000
-429336.000000
-498237.000000
-464476.000000
-496067.000000
-468099.000000
-490710.000000
-482024.000000
-498429.000000
-496559.000000
-463898.000000
-491258.000000
-455501.000000
-469481.000000
-444872.000000
-498445.000000
-488763.000000
-493897.000000
-497479.000000
-494614.000000
-498429.000000
-496185.000000
-444577.000000
-485837.000000
-396448.000000
-380778.000000
-461012.000000
-497708.000000
-460346.000000
-461927.000000
-484934.000000
-458015.000000
-494506.000000
-495512.000000
-497629.000000
-462427.000000
-497523.000000
-498399.000000
-465279.000000
-496565.000000
-457585.000000
-460255.000000
-482021.000000
-498174.000000
-457170.000000
-498452.000000
-463703.000000
-498429.000000
-497932.000000
-486468.000000
-494868.000000
-493930.000000
-462659.000000
-493772.000000
-485380.000000
-494342.000000
-395350.000000
-498297.000000
-489982.000000
-498385.000000
-468090.000000
-468083.000000
-482879.000000
-498413.000000
-404140.000000
-498444.000000
-497093.000000
-461104.000000
-497355.000000
-461479.000000
-463579.000000
-400398.000000
-491461.000000
-491861.000000
-477913.000000
-498430.000000
-492485.000000
-498358.000000
-498203.000000
-498399.000000
-492018.000000
-498363.000000
-490467.000000
-491104.000000
-498444.000000
-493196.000000
-464867.000000
-437667.000000
-492656.000000
-495488.000000
-492793.000000
-498394.000000
-498039.000000
-491129.000000
-450450.000000
-394719.000000
-478068.000000
-494875.000000
-464739.000000
-459553.000000
-498359.000000
-494961.000000
-493167.000000
-464214.000000
-498358.000000
-464199.000000
-423000.000000
-468340.000000
-460551.000000
-465651.000000
-498312.000000
-443365.000000
-491077.000000
-475613.000000
-484879.000000
-463386.000000
-495725.000000
-490184.000000
-460484.000000
-488720.000000
-402911.000000
-498388.000000
-397738.000000
-451223.000000
-492474.000000
-498399.000000
-464829.000000
-498402.000000
-496682.000000
-453607.000000
-491088.000000
-498212.000000
-498061.000000
-498312.000000
-498428.000000
-497854.000000
-498383.000000
-364870.000000
-498386.000000
-498439.000000
-496063.000000
-477013.000000
-444093.000000
-461947.000000
-462885.000000
-498408.000000
-498400.000000
-494679.000000
-496146.000000
-495868.000000
-409617.000000
-461970.000000
-465923.000000
-442474.000000
-498311.000000
-498440.000000
-400108.000000
-498423.000000
-498408.000000
-468330.000000
-498420.000000
-497830.000000
-498409.000000
-498467.000000
-498134.000000
-473098.000000
-480483.000000
-469508.000000
-481463.000000
-498451.000000
-497109.000000
-496697.000000
-498438.000000
-498421.000000
-395816.000000
-497857.000000
-482742.000000
-498390.000000
-437496.000000
-496268.000000
-367768.000000
-368950.000000
-494413.000000
-498297.000000
-457207.000000
-498422.000000
-465287.000000
-498261.000000
-482431.000000
-498216.000000
-490398.000000
-483034.000000
-474338.000000
-498433.000000
-498430.000000
-468092.000000
-457599.000000
-490673.000000
-498040.000000
-455034.000000
-461065.000000
-495713.000000
-492239.000000
-463515.000000
-497968.000000
-346350.000000
-449431.000000
-495986.000000
-463141.000000
-491168.000000
-498011.000000
-498351.000000
-497794.000000
-401692.000000
-494467.000000
-494814.000000
-497100.000000
-456662.000000
-498343.000000
-496654.000000
-498148.000000
-423926.000000
-434894.000000
-498394.000000
-491479.000000
-497328.000000
-497584.000000
-460511.000000
-430861.000000
-422253.000000
-480908.000000
-493507.000000
-439376.000000
-440438.000000
-498370.000000
-498419.000000
-498125.000000
-498440.000000
-498388.000000
-498376.000000
-498391.000000
-466172.000000
-498395.000000
-498399.000000
-456392.000000
-498073.000000
-440688.000000
-498401.000000
-498313.000000
-461304.000000
-497718.000000
-454271.000000
-450379.000000
-494195.000000
-447776.000000
-498442.000000
-464432.000000
-498387.000000
-477343.000000
-440752.000000
-460962.000000
-497853.000000
-452136.000000
-498410.000000
-493119.000000
-478210.000000
-489558.000000
-425418.000000
-498417.000000
-498391.000000
-497101.000000
-498369.000000
-498430.000000
-498409.000000
-498376.000000
-462698.000000
-496072.000000
-423818.000000
-492473.000000
-478518.000000
-493298.000000
-467413.000000
-400511.000000
-498410.000000
-412377.000000
-494428.000000
-468131.000000
-483086.000000
-470819.000000
-454298.000000
-498154.000000
-483735.000000
-450782.000000
-481746.000000
-445021.000000
-489603.000000
-497363.000000
-478636.000000
-497220.000000
-498389.000000
-492575.000000
-497625.000000
-498315.000000
-460399.000000
-390184.000000
-498405.000000
-464683.000000
-498420.000000
-456483.000000
-498368.000000
-495251.000000
-402116.000000
-474660.000000
-470891.000000
-491897.000000
-490145.000000
-465405.000000
-484737.000000
-494912.000000
-429001.000000
-492191.000000
-498406.000000
-498225.000000
-496425.000000
-498434.000000
-498279.000000
-498176.000000
-495572.000000
-498454.000000
-461468.000000
-497974.000000
-455823.000000
-495432.000000
-352482.000000
-489011.000000
-497826.000000
-492299.000000
-463523.000000
-498376.000000
-419404.000000
-498404.000000
-495631.000000
-445206.000000
-495463.000000
-498343.000000
-444005.000000
-423329.000000
-489805.000000
-494834.000000
-495480.000000
-488404.000000
-495199.000000
-497952.000000
-465480.000000
-498367.000000
-498466.000000
-498413.000000
-495785.000000
-495502.000000
-449544.000000
-459979.000000
-498388.000000
-497031.000000
-461538.000000
-434772.000000
-470158.000000
-426273.000000
-498412.000000
-492169.000000
-451585.000000
-498416.000000
-498429.000000
-489601.000000
-391972.000000
-495793.000000
-420162.000000
-498429.000000
-498409.000000
-494273.000000
-489249.000000
-445017.000000
-453894.000000
-432178.000000
-463995.000000
-497135.000000
-497645.000000
-458771.000000
-492635.000000
-492146.000000
-492866.000000
-498443.000000
-498425.000000
-498421.000000
-463110.000000
-450925.000000
-491023.000000
-383996.000000
-481542.000000
-384808.000000
-493254.000000
-351443.000000
-481277.000000
-469515.000000
-496643.000000
-452791.000000
-455972.000000
-452045.000000
-432678.000000
-498396.000000
-497092.000000
-417734.000000
-498426.000000
-490108.000000
-386165.000000
-498423.000000
-491567.000000
-491026.000000
-463283.000000
-402282.000000
-488146.000000
-490606.000000
-488588.000000
-463894.000000
-473966.000000
-498404.000000
-481985.000000
-498425.000000
-498447.000000
-456391.000000
-495507.000000
-494213.000000
-498174.000000
-497747.000000
-498250.000000
-448257.000000
-459972.000000
-496018.000000
-498422.000000
-460760.000000
-419321.000000
-447241.000000
-484105.000000
-493491.000000
-496666.000000
-497086.000000
-476705.000000
-467807.000000
-422599.000000
-498351.000000
-473098.000000
-463288.000000
-377168.000000
-458301.000000
-445900.000000
-492478.000000
-493208.000000
-491133.000000
-482243.000000
-498374.000000
-498021.000000
-401794.000000
-498392.000000
-481618.000000
-391472.000000
-479991.000000
-467068.000000
-495396.000000
-493404.000000
-495468.000000
-466685.000000
-495129.000000
-494413.000000
-498297.000000
-488992.000000
-433209.000000
-496463.000000
-486329.000000
-470473.000000
-460016.000000
-498401.000000
-498439.000000
-497628.000000
-498020.000000
-486311.000000
-456303.000000
-494631.000000
-498177.000000
-498377.000000
-459574.000000
-481103.000000
-485963.000000
-498234.000000
-497444.000000
-470997.000000
-495394.000000
-465102.000000
-497770.000000
-495285.000000
-495616.000000
-381982.000000
-495058.000000
-440827.000000
-460762.000000
-498433.000000
-498115.000000
-484108.000000
-494997.000000
-443165.000000
-498434.000000
-464046.000000
-497878.000000
-491042.000000
-494083.000000
-493763.000000
-497651.000000
-498395.000000
-498373.000000
-498135.000000
-498390.000000
-494600.000000
-498425.000000
-433339.000000
-450409.000000
-498200.000000
-498417.000000
-494136.000000
-498398.000000
-492328.000000
-441688.000000
-496689.000000
-471680.000000
-468586.000000
-492711.000000
-495233.000000
-493010.000000
-495308.000000
-461032.000000
-469467.000000
-496356.000000
-462745.000000
-467390.000000
-496485.000000
-498208.000000
-498393.000000
-451956.000000
-451249.000000
-459567.000000
-465241.000000
-498398.000000
-498401.000000
-498396.000000
-489774.000000
-456817.000000
-465273.000000
-494439.000000
-496466.000000
-470843.000000
-498372.000000
-479473.000000
-498411.000000
-447856.000000
-498369.000000
-497675.000000
-493843.000000
-495117.000000
-341937.000000
-441294.000000
-498418.000000
-497618.000000
-497718.000000
-498451.000000
-467563.000000
-433299.000000
-466329.000000
-414339.000000
-447742.000000
-496288.000000
-491674.000000
-465167.000000
-453501.000000
-492369.000000
-470144.000000
-498418.000000
-494999.000000
-354827.000000
-497995.000000
-483928.000000
-425513.000000
-466638.000000
-498418.000000
-498422.000000
-498132.000000
-498239.000000
-493941.000000
-465105.000000
-492022.000000
-493676.000000
-453897.000000
-498226.000000
-493464.000000
-462706.000000
-448192.000000
-467327.000000
-488014.000000
-468128.000000
-498070.000000
-492086.000000
-498391.000000
-466796.000000
-498435.000000
-495644.000000
-498420.000000
-476364.000000
-498405.000000
-475415.000000
-497772.000000
-495273.000000
-493577.000000
-494679.000000
-492926.000000
-488321.000000
-489493.000000
-461474.000000
-498424.000000
-498409.000000
-432397.000000
-463806.000000
-498435.000000
-496099.000000
-490326.000000
-462633.000000
-483579.000000
-498442.000000
-396510.000000
-493202.000000
-462974.000000
-498410.000000
-452431.000000
-400627.000000
-487840.000000
-498407.000000
-453876.000000
-494887.000000
-465658.000000
-497949.000000
-479058.000000
-394712.000000
-498420.000000
-495893.000000
-465471.000000
-457981.000000
-491112.000000
-438022.000000
-498288.000000
-498387.000000
-495343.000000
-494348.000000
-498274.000000
-498411.000000
-457980.000000
-429705.000000
-483092.000000
-498410.000000
-445950.000000
-448683.000000
-492279.000000
-492006.000000
-498215.000000
-498411.000000
-493061.000000
-498447.000000
-495588.000000
-466412.000000
-469549.000000
-497173.000000
-495269.000000
-425434.000000
-485996.000000
-498396.000000
-492416.000000
-458304.000000
-498281.000000
-449022.000000
-495158.000000
-362963.000000
-498408.000000
-452924.000000
-488405.000000
-492642.000000
-456475.000000
-498375.000000
-447329.000000
-488486.000000
-498447.000000
-465331.000000
-475556.000000
-498395.000000
-498423.000000
-498438.000000
-496297.000000
-487188.000000
-492004.000000
-484658.000000
-493181.000000
-488094.000000
-459914.000000
-498420.000000
-461098.000000
-469761.000000
-493029.000000
-498301.000000
-498393.000000
-498408.000000
-494924.000000
-484593.000000
-429784.000000
-413022.000000
-492347.000000
-498416.000000
-479772.000000
-498286.000000
-493715.000000
-490467.000000
-498422.000000
-498381.000000
-498417.000000
-403546.000000
-498265.000000
-470214.000000
-496487.000000
-498441.000000
-460512.000000
-454860.000000
-462015.000000
-498429.000000
-494644.000000
-437404.000000
-465644.000000
-486894.000000
-494584.000000
-430785.000000
-380731.000000
-498364.000000
-498395.000000
-495041.000000
-478457.000000
-465227.000000
-498383.000000
-486802.000000
-493500.000000
-486301.000000
-443668.000000
-480193.000000
-498456.000000
-490284.000000
-498186.000000
-498455.000000
-402934.000000
-498400.000000
-497774.000000
-492684.000000
-487251.000000
-454488.000000
-498374.000000
-498420.000000
-483533.000000
-498390.000000
-498363.000000
-498365.000000
-495911.000000
-487938.000000
-495113.000000
-485147.000000
-490446.000000
-461868.000000
-408974.000000
-454617.000000
-463730.000000
-460083.000000
-425026.000000
-486474.000000
-462653.000000
-449356.000000
-461173.000000
-427603.000000
-490022.000000
-498443.000000
-471066.000000
-486720.000000
-486552.000000
-481624.000000
-496076.000000
-497290.000000
-493254.000000
-490276.000000
-408915.000000
-486330.000000
-397222.000000
-496809.000000
-466694.000000
-498377.000000
-495254.000000
-498368.000000
-498363.000000
-495797.000000
-455138.000000
-483034.000000
-478080.000000
-495346.000000
-494573.000000
-468327.000000
-498444.000000
-467799.000000
-496382.000000
-485812.000000
-498101.000000
-490607.000000
-498415.000000
-489403.000000
-495672.000000
-384978.000000
-492359.000000
-495052.000000
-451444.000000
-495477.000000
-498057.000000
-497611.000000
-484456.000000
-498356.000000
-449056.000000
-460710.000000
-495502.000000
-459975.000000
-498272.000000
-495257.000000
-497741.000000
-487396.000000
-496888.000000
-465596.000000
-495121.000000
-494946.000000
-449772.000000
-456293.000000
-498439.000000
-498366.000000
-484727.000000
-463688.000000
-439308.000000
-454295.000000
-498219.000000
-497525.000000
-498395.000000
-498357.000000
-463857.000000
-471478.000000
-436503.000000
-478129.000000
-495871.000000
-498423.000000
-449462.000000
-482028.000000
-498313.000000
-498440.000000
-498359.000000
-486744.000000
-463778.000000
-498313.000000
-498392.000000
-492092.000000
-429653.000000
-496467.000000
-498439.000000
-454935.000000
-473023.000000
-488929.000000
-412932.000000
-498416.000000
-465976.000000
-340674.000000
-463071.000000
-479680.000000
-379451.000000
-478774.000000
-498452.000000
-443661.000000
-497036.000000
-498433.000000
-497678.000000
-481490.000000
-495748.000000
-467427.000000
-482969.000000
-494936.000000
-498391.000000
-498232.000000
-498423.000000
-460563.000000
-498397.000000
-498416.000000
-431811.000000
-498431.000000
-491428.000000
-498378.000000
-464813.000000
-497432.000000
-459362.000000
-466360.000000
-487746.000000
-498382.000000
-498200.000000
-442461.000000
-494770.000000
-489252.000000
-498202.000000
-498156.000000
-398758.000000
-491210.000000
-491158.000000
-495809.000000
-498244.000000
-315868.000000
-495744.000000
-466010.000000
-487692.000000
-484875.000000
-496008.000000
-496930.000000
-467500.000000
-495966.000000
-491362.000000
-464256.000000
-409688.000000
-462315.000000
-497799.000000
-491504.000000
-497092.000000
-461534.000000
-459194.000000
-451303.000000
-498444.000000
-485981.000000
-497916.000000
-484340.000000
-498347.000000
-408869.000000
-498388.000000
-456401.000000
-497176.000000
-465645.000000
-498369.000000
-465996.000000
-476126.000000
-459992.000000
-498364.000000
-496297.000000
-495291.000000
-494395.000000
-498416.000000
-469528.000000
-457286.000000
-496191.000000
-457417.000000
-497426.000000
-485052.000000
-482925.000000
-487366.000000
-495769.000000
-498424.000000
-446385.000000
-497913.000000
-440770.000000
-494851.000000
-468015.000000
-369572.000000
-465999.000000
-498416.000000
-498451.000000
-444969.000000
-460745.000000
-488767.000000
-480248.000000
-496008.000000
-482518.000000
-395272.000000
-498332.000000
-498140.000000
-498400.000000
-497941.000000
-492383.000000
-493747.000000
-416816.000000
-498228.000000
-458977.000000
-497740.000000
-494793.000000
-461684.000000
-498450.000000
-496828.000000
-498351.000000
-466363.000000
-479862.000000
-495594.000000
-446822.000000
-417697.000000
-451328.000000
-457969.000000
-498415.000000
-498391.000000
-496292.000000
-497144.000000
-453625.000000
-464888.000000
-480212.000000
-465565.000000
-498415.000000
-424725.000000
-483775.000000
-480122.000000
-459972.000000
-495510.000000
-464665.000000
-496098.000000
-498352.000000
-495793.000000
-451354.000000
-498343.000000
-466390.000000
-490308.000000
-484492.000000
-484420.000000
-430646.000000
-398745.000000
-498389.000000
-494043.000000
-475200.000000
-494346.000000
-495011.000000
-470411.000000
-427852.000000
-497606.000000
-497587.000000
-498309.000000
-456587.000000
-497623.000000
-495587.000000
-467785.000000
-435385.000000
-473999.000000
-498360.000000
-493901.000000
-492740.000000
-451296.000000
-498024.000000
-364398.000000
-498342.000000
-462378.000000
-442689.000000
-496421.000000
-494506.000000
-498435.000000
-498294.000000
-481621.000000
-467758.000000
-447305.000000
-486091.000000
-493087.000000
-448733.000000
-491029.000000
-460767.000000
-498329.000000
-489290.000000
-459973.000000
-466392.000000
-493447.000000
-497354.000000
-498382.000000
-461888.000000
-485076.000000
-491286.000000
-498393.000000
-454419.000000
-451738.000000
