-15701.000000
-15884.000000
-15884.000000
-15873.000000
-15848.000000
-15845.000000
-15744.000000
-15869.000000
-15872.000000
-15878.000000
-15862.000000
-15862.000000
-15845.000000
-15833.000000
-15745.000000
-15806.000000
-15888.000000
-15833.000000
-15594.000000
-15870.000000
-15715.000000
-15864.000000
-15886.000000
-15742.000000
-15853.000000
-15870.000000
-15825.000000
-15763.000000
-15842.000000
-15866.000000
-15720.000000
-15869.000000
-15881.000000
-15730.000000
-15837.000000
-15887.000000
-15824.000000
-15721.000000
-15843.000000
-15689.000000
-15875.000000
-15870.000000
-15862.000000
-15848.000000
-15597.000000
-15744.000000
-15584.000000
-15856.000000
-15864.000000
-15848.000000
-15840.000000
-15702.000000
-15691.000000
-15846.000000
-15588.000000
-15839.000000
-15875.000000
-15868.000000
-15835.000000
-15835.000000
-15845.000000
-15877.000000
-15830.000000
-15859.000000
-15861.000000
-15862.000000
-15865.000000
-15838.000000
-15713.000000
-15867.000000
-15868.000000
-15721.000000
-15849.000000
-15823.000000
-15858.000000
-15687.000000
-15859.000000
-15857.000000
-15876.000000
-15764.000000
-15858.000000
-15825.000000
-15701.000000
-15872.000000
-15883.000000
-15713.000000
-15822.000000
-15873.000000
-15759.000000
-15878.000000
-15867.000000
-15676.000000
-15695.000000
-15881.000000
-15824.000000
-15754.000000
-15700.000000
-15892.000000
-15702.000000
-15711.000000
-15686.000000
-15848.000000
-15542.000000
-15861.000000
-15734.000000
-15725.000000
-15848.000000
-15863.000000
-15758.000000
-15885.000000
-15867.000000
-15693.000000
-15733.000000
-15750.000000
-15855.000000
-15868.000000
-15728.000000
-15887.000000
-15856.000000
-15862.000000
-15870.000000
-15765.000000
-15883.000000
-15860.000000
-15875.000000
-15870.000000
-15892.000000
-15890.000000
-15869.000000
-15577.000000
-15887.000000
-15739.000000
-15753.000000
-15881.000000
-15698.000000
-15841.000000
-15714.000000
-15875.000000
-15897.000000
-15850.000000
-15846.000000
-15723.000000
-15878.000000
-15757.000000
-15763.000000
-15851.000000
-15854.000000
-15747.000000
-15842.000000
-15822.000000
-15850.000000
-15384.000000
-15865.000000
-15753.000000
-15696.000000
-15832.000000
-15860.000000
-15759.000000
-15746.000000
-15746.000000
-15852.000000
-15871.000000
-15827.000000
-15686.000000
-15709.000000
-15879.000000
-15889.000000
-15857.000000
-15751.000000
-15881.000000
-15873.000000
-15697.000000
-15884.000000
-15735.000000
-15745.000000
-15882.000000
-15852.000000
-15851.000000
-15872.000000
-15876.000000
-15740.000000
-15870.000000
-15886.000000
-15699.000000
-15884.000000
-15706.000000
-15552.000000
-15854.000000
-15709.000000
-15853.000000
-15726.000000
-15680.000000
-15740.000000
-15757.000000
-15884.000000
-15740.000000
-15865.000000
-15852.000000
-15712.000000
-15848.000000
-15689.000000
-15877.000000
-15860.000000
-15848.000000
-15872.000000
-15866.000000
-15844.000000
-15889.000000
-15872.000000
-15748.000000
-15885.000000
-15799.000000
-15684.000000
-15863.000000
-15864.000000
-15864.000000
-15710.000000
-15858.000000
-15854.000000
-15850.000000
-15874.000000
-15826.000000
-15725.000000
-15853.000000
-15729.000000
-15890.000000
-15704.000000
-15868.000000
-15701.000000
-15749.000000
-15661.000000
-15866.000000
-15868.000000
-15848.000000
-15856.000000
-15679.000000
-15758.000000
-15825.000000
-15881.000000
-15878.000000
-15684.000000
-15610.000000
-15877.000000
-15898.000000
-15858.000000
-15879.000000
-15690.000000
-15840.000000
-15853.000000
-15878.000000
-15736.000000
-15662.000000
-15861.000000
-15830.000000
-15859.000000
-15902.000000
-15746.000000
-15851.000000
-15882.000000
-15725.000000
-15876.000000
-15743.000000
-15724.000000
-15844.000000
-15716.000000
-15893.000000
-15849.000000
-15875.000000
-15842.000000
-15874.000000
-15877.000000
-15669.000000
-15865.000000
-15881.000000
-15737.000000
-15862.000000
-15738.000000
-15807.000000
-15885.000000
-15834.000000
-15735.000000
-15830.000000
-15867.000000
-15727.000000
-15589.000000
-15882.000000
-15665.000000
-15884.000000
-15733.000000
-15719.000000
-15875.000000
-15864.000000
-15823.000000
-15846.000000
-15729.000000
-15892.000000
-15851.000000
-15865.000000
-15765.000000
-15859.000000
-15866.000000
-15861.000000
-15735.000000
-15856.000000
-15685.000000
-15725.000000
-15884.000000
-15872.000000
-15887.000000
-15890.000000
-15744.000000
-15873.000000
-15684.000000
-15872.000000
-15874.000000
-15864.000000
-15867.000000
-15850.000000
-15662.000000
-15876.000000
-15758.000000
-15880.000000
-15727.000000
-15884.000000
-15750.000000
-15870.000000
-15739.000000
-15838.000000
-15754.000000
-15872.000000
-15877.000000
-15839.000000
-15860.000000
-15839.000000
-15868.000000
-15872.000000
-15702.000000
-15684.000000
-15746.000000
-15867.000000
-15840.000000
-15852.000000
-15751.000000
-15591.000000
-15738.000000
-15849.000000
-15862.000000
-15693.000000
-15872.000000
-15840.000000
-15887.000000
-15578.000000
-15727.000000
-15588.000000
-15831.000000
-15841.000000
-15879.000000
-15891.000000
-15878.000000
-15745.000000
-15819.000000
-15883.000000
-15888.000000
-15659.000000
-15747.000000
-15784.000000
-15865.000000
-15846.000000
-15867.000000
-15895.000000
-15873.000000
-15688.000000
-15722.000000
-15846.000000
-15870.000000
-15886.000000
-15768.000000
-15764.000000
-15707.000000
-15643.000000
-15874.000000
-15864.000000
-15869.000000
-15865.000000
-15722.000000
-15751.000000
-15859.000000
-15722.000000
-15838.000000
-15891.000000
-15850.000000
-15861.000000
-15745.000000
-15742.000000
-15878.000000
-15755.000000
-15770.000000
-15856.000000
-15851.000000
-15820.000000
-15688.000000
-15877.000000
-15861.000000
-15775.000000
-15865.000000
-15729.000000
-15873.000000
-15897.000000
-15897.000000
-15762.000000
-15882.000000
-15690.000000
-15861.000000
-15841.000000
-15665.000000
-15711.000000
-15741.000000
-15882.000000
-15579.000000
-15558.000000
-15751.000000
-15890.000000
-15666.000000
-15866.000000
-15865.000000
-15886.000000
-15871.000000
-15683.000000
-15871.000000
-15893.000000
-15763.000000
-15877.000000
-15736.000000
-15883.000000
-15843.000000
-15707.000000
-15850.000000
-15577.000000
-15887.000000
-15733.000000
-15839.000000
-15885.000000
-15841.000000
-15890.000000
-15876.000000
-15889.000000
-15688.000000
-15804.000000
-15883.000000
-15873.000000
-15851.000000
-15854.000000
-15765.000000
-15884.000000
-15863.000000
-15723.000000
-15698.000000
-15867.000000
-15873.000000
-15885.000000
-15867.000000
-15883.000000
-15868.000000
-15865.000000
-15872.000000
-15857.000000
-15846.000000
-15863.000000
-15701.000000
-15602.000000
-15754.000000
-15870.000000
-15591.000000
-15859.000000
-15641.000000
-15744.000000
-15811.000000
-15870.000000
-15738.000000
-15722.000000
-15892.000000
-15829.000000
-15686.000000
-15742.000000
-15723.000000
-15850.000000
-15706.000000
-15869.000000
-15756.000000
-15732.000000
-15747.000000
-15836.000000
-15563.000000
-15707.000000
-15873.000000
-15670.000000
-15863.000000
-15752.000000
-15878.000000
-15539.000000
-15874.000000
-15869.000000
-15886.000000
-15682.000000
-15870.000000
-15879.000000
-15702.000000
-15522.000000
-15760.000000
-15877.000000
-15831.000000
-15871.000000
-15869.000000
-15879.000000
-15854.000000
-15846.000000
-15859.000000
-15858.000000
-15771.000000
-15730.000000
-15733.000000
-15876.000000
-15886.000000
-15866.000000
-15768.000000
-15731.000000
-15737.000000
-15736.000000
-15866.000000
-15856.000000
-15709.000000
-15872.000000
-15634.000000
-15859.000000
-15759.000000
-15702.000000
-15721.000000
-15879.000000
-15866.000000
-15713.000000
-15760.000000
-15880.000000
-15881.000000
-15837.000000
-15879.000000
-15766.000000
-15868.000000
-15842.000000
-15751.000000
-15760.000000
-15853.000000
-15880.000000
-15719.000000
-15703.000000
-15858.000000
-15891.000000
-15891.000000
-15824.000000
-15769.000000
-15756.000000
-15861.000000
-15860.000000
-15890.000000
-15843.000000
-15830.000000
-15737.000000
-15866.000000
-15711.000000
-15890.000000
-15750.000000
-15718.000000
-15840.000000
-15865.000000
-15859.000000
-15845.000000
-15847.000000
-15754.000000
-15862.000000
-15882.000000
-15880.000000
-15854.000000
-15743.000000
-15858.000000
-15875.000000
-15854.000000
-15854.000000
-15719.000000
-15851.000000
-15756.000000
-15867.000000
-15869.000000
-15842.000000
-15735.000000
-15856.000000
-15740.000000
-15834.000000
-15732.000000
-15874.000000
-15756.000000
-15860.000000
-15841.000000
-15507.000000
-15571.000000
-15748.000000
-15889.000000
-15870.000000
-15765.000000
-15826.000000
-15741.000000
-15882.000000
-15762.000000
-15865.000000
-15832.000000
-15865.000000
-15886.000000
-15554.000000
-15856.000000
-15747.000000
-15743.000000
-15626.000000
-15760.000000
-15873.000000
-15771.000000
-15724.000000
-15705.000000
-15731.000000
-15881.000000
-15865.000000
-15740.000000
-15755.000000
-15673.000000
-15845.000000
-15836.000000
-15687.000000
-15772.000000
-15886.000000
-15758.000000
-15879.000000
-15882.000000
-15904.000000
-15894.000000
-15699.000000
-15868.000000
-15767.000000
-15869.000000
-15684.000000
-15872.000000
-15875.000000
-15886.000000
-15748.000000
-15753.000000
-15886.000000
-15882.000000
-15895.000000
-15812.000000
-15868.000000
-15887.000000
-15593.000000
-15691.000000
-15663.000000
-15755.000000
-15730.000000
-15837.000000
-15734.000000
-15864.000000
-15851.000000
-15870.000000
-15817.000000
-15832.000000
-15772.000000
-15718.000000
-15858.000000
-15843.000000
-15882.000000
-15758.000000
-15582.000000
-15757.000000
-15654.000000
-15721.000000
-15742.000000
-15870.000000
-15876.000000
-15869.000000
-15627.000000
-15867.000000
-15579.000000
-15717.000000
-15852.000000
-15682.000000
-15879.000000
-15881.000000
-15878.000000
-15563.000000
-15746.000000
-15885.000000
-15868.000000
-15881.000000
-15828.000000
-15823.000000
-15863.000000
-15737.000000
-15885.000000
-15864.000000
-15860.000000
-15692.000000
-15887.000000
-15881.000000
-15711.000000
-15872.000000
-15910.000000
-15853.000000
-15833.000000
-15863.000000
-15881.000000
-15868.000000
-15825.000000
-15840.000000
-15738.000000
-15876.000000
-15704.000000
-15896.000000
-15740.000000
-15870.000000
-15876.000000
-15869.000000
-15695.000000
-15871.000000
-15631.000000
-15859.000000
-15754.000000
-15872.000000
-15753.000000
-15855.000000
-15855.000000
-15876.000000
-15879.000000
-15857.000000
-15888.000000
-15708.000000
-15843.000000
-15864.000000
-15740.000000
-15890.000000
-15887.000000
-15753.000000
-15802.000000
-15710.000000
-15891.000000
-15892.000000
-15563.000000
-15878.000000
-15866.000000
-15700.000000
-15675.000000
-15887.000000
-15742.000000
-15847.000000
-15886.000000
-15718.000000
-15684.000000
-15671.000000
-15858.000000
-15865.000000
-15879.000000
-15821.000000
-15869.000000
-15688.000000
-15702.000000
-15787.000000
-15856.000000
-15846.000000
-15745.000000
-15714.000000
-15882.000000
-15856.000000
-15738.000000
-15770.000000
-15705.000000
-15851.000000
-15874.000000
-15879.000000
-15843.000000
-15894.000000
-15858.000000
-15862.000000
-15827.000000
-15880.000000
-15856.000000
-15738.000000
-15812.000000
-15743.000000
-15757.000000
-15875.000000
-15856.000000
-15749.000000
-15840.000000
-15891.000000
-15868.000000
-15884.000000
-15757.000000
-15682.000000
-15884.000000
-15859.000000
-15879.000000
-15873.000000
-15572.000000
-15887.000000
-15867.000000
-15871.000000
-15872.000000
-15663.000000
-15762.000000
-15847.000000
-15872.000000
-15875.000000
-15580.000000
-15779.000000
-15874.000000
-15852.000000
-15742.000000
-15868.000000
-15875.000000
-15750.000000
-15877.000000
-15853.000000
-15875.000000
-15539.000000
-15864.000000
-15864.000000
-15870.000000
-15856.000000
-15867.000000
-15701.000000
-15852.000000
-15828.000000
-15862.000000
-15735.000000
-15887.000000
-15727.000000
-15756.000000
-15861.000000
-15870.000000
-15889.000000
-15708.000000
-15872.000000
-15850.000000
-15756.000000
-15878.000000
-15891.000000
-15747.000000
-15754.000000
-15874.000000
-15882.000000
-15854.000000
-15836.000000
-15860.000000
-15853.000000
-15879.000000
-15728.000000
-15900.000000
-15706.000000
-15895.000000
-15843.000000
-15857.000000
-15870.000000
-15844.000000
-15891.000000
-15870.000000
-15880.000000
-15864.000000
-15701.000000
-15823.000000
-15890.000000
-15695.000000
-15718.000000
-15867.000000
-15673.000000
-15740.000000
-15885.000000
-15879.000000
-15747.000000
-15864.000000
-15862.000000
-15747.000000
-15767.000000
-15855.000000
-15706.000000
-15744.000000
-15686.000000
-15868.000000
-15868.000000
-15694.000000
-15746.000000
-15867.000000
-15864.000000
-15856.000000
-15872.000000
-15740.000000
-15875.000000
-15837.000000
-15870.000000
-15855.000000
-15745.000000
-15853.000000
-15861.000000
-15457.000000
-15868.000000
-15820.000000
-15855.000000
-15871.000000
-15885.000000
-15774.000000
-15873.000000
-15864.000000
-15902.000000
-15880.000000
-15875.000000
-15845.000000
-15717.000000
-15846.000000
-15650.000000
-15855.000000
-15904.000000
-15881.000000
-15884.000000
-15710.000000
-15855.000000
-15893.000000
-15706.000000
-15856.000000
-15859.000000
-15837.000000
-15582.000000
-15859.000000
-15872.000000
-15857.000000
-15875.000000
-15871.000000
-15855.000000
-15876.000000
-15868.000000
-15893.000000
-15870.000000
-15708.000000
-15826.000000
-15884.000000
-15859.000000
-15714.000000
-15862.000000
-15871.000000
-15872.000000
-15875.000000
-15709.000000
-15709.000000
-15896.000000
-15884.000000
-15731.000000
-15682.000000
-15669.000000
-15681.000000
-15773.000000
-15855.000000
-15610.000000
-15750.000000
-15691.000000
-15885.000000
-15761.000000
-15705.000000
-15868.000000
-15883.000000
-15833.000000
-15866.000000
-15831.000000
-15680.000000
-15856.000000
-15888.000000
-15749.000000
-15716.000000
-15814.000000
-15611.000000
-15868.000000
-15759.000000
-15864.000000
-15762.000000
-15712.000000
-15883.000000
-15853.000000
-15568.000000
-15863.000000
-15821.000000
-15826.000000
-15544.000000
-15842.000000
-15733.000000
-15696.000000
-15886.000000
-15749.000000
-15890.000000
-15711.000000
-15875.000000
-15548.000000
-15854.000000
-15742.000000
-15703.000000
-15866.000000
-15681.000000
-15726.000000
-15833.000000
-15875.000000
-15864.000000
-15873.000000
-15823.000000
-15856.000000
-15520.000000
-15764.000000
-15681.000000
-15892.000000
-15862.000000
-15712.000000
-15863.000000
-15885.000000
-15809.000000
-15703.000000
-15896.000000
-15775.000000
-15753.000000
-15758.000000
-15845.000000
-15688.000000
-15849.000000
-15876.000000
-15711.000000
-15864.000000
-15815.000000
-15861.000000
-15879.000000
-15871.000000
-15760.000000
-15874.000000
-15878.000000
-15764.000000
-15843.000000
-15874.000000
-15699.000000
-15748.000000
-15815.000000
-15569.000000
-15879.000000
-15875.000000
-15869.000000
-15865.000000
-15764.000000
-15682.000000
-15865.000000
-15797.000000
-15890.000000
-15705.000000
-15851.000000
-15862.000000
-15882.000000
-15907.000000
-15840.000000
-15841.000000
-15701.000000
-15860.000000
-15804.000000
-15755.000000
-15877.000000
-15877.000000
-15859.000000
-15823.000000
-15884.000000
-15832.000000
-15860.000000
-15690.000000
-15867.000000
-15740.000000
-15855.000000
-15888.000000
-15714.000000
-15860.000000
-15866.000000
-15868.000000
-15750.000000
-15718.000000
-15761.000000
-15888.000000
-15862.000000
-15881.000000
-15696.000000
-15873.000000
-15682.000000
-15820.000000
-15838.000000
-15880.000000
-15859.000000
-15838.000000
-15898.000000
-15731.000000
-15881.000000
-15764.000000
-15879.000000
-15856.000000
-15760.000000
-15904.000000
-15741.000000
-15715.000000
-15872.000000
-15825.000000
-15769.000000
-15860.000000
-15707.000000
-15875.000000
-15843.000000
-15877.000000
-15752.000000
-15881.000000
-15835.000000
-15857.000000
-15882.000000
-15870.000000
-15744.000000
-15719.000000
-15811.000000
-15844.000000
-15860.000000
-15862.000000
-15904.000000
-15850.000000
-15689.000000
-15867.000000
-15734.000000
-15586.000000
-15728.000000
-15832.000000
-15892.000000
-15738.000000
-15867.000000
-15727.000000
-15893.000000
-15850.000000
-15530.000000
-15711.000000
-15704.000000
-15872.000000
-15656.000000
-15870.000000
-15879.000000
-15866.000000
-15731.000000
-15883.000000
-15883.000000
-15866.000000
-15857.000000
-15854.000000
-15835.000000
-15868.000000
-15744.000000
-15707.000000
-15758.000000
-15750.000000
-15851.000000
-15870.000000
-15680.000000
-15872.000000
-15887.000000
-15847.000000
-15867.000000
-15861.000000
-15857.000000
-15718.000000
-15868.000000
-15862.000000
-15871.000000
-15874.000000
-15880.000000
-15869.000000
-15884.000000
-15642.000000
-15869.000000
-15892.000000
-15752.000000
-15716.000000
-15888.000000
-15769.000000
-15887.000000
-15875.000000
-15848.000000
-15757.000000
-15879.000000
-15675.000000
-15850.000000
-15882.000000
-15553.000000
-15763.000000
-15848.000000
-15738.000000
-15836.000000
-15840.000000
-15582.000000
-15743.000000
-15562.000000
-15670.000000
-15872.000000
-15868.000000
-15868.000000
-15886.000000
-15577.000000
-15701.000000
-15883.000000
-15750.000000
-15762.000000
-15875.000000
-15674.000000
-15852.000000
-15742.000000
-15747.000000
-15530.000000
-15677.000000
-15864.000000
-15713.000000
-15855.000000
-15567.000000
-15843.000000
-15867.000000
-15803.000000
-15702.000000
-15859.000000
-15736.000000
-15838.000000
-15843.000000
-15730.000000
-15867.000000
-15846.000000
-15551.000000
-15876.000000
-15858.000000
-15732.000000
-15879.000000
-15839.000000
-15888.000000
-15837.000000
-15759.000000
-15853.000000
-15705.000000
-15884.000000
-15682.000000
-15857.000000
-15842.000000
-15833.000000
-15855.000000
-15896.000000
-15856.000000
-15712.000000
-15874.000000
-15875.000000
-15758.000000
-15763.000000
-15722.000000
-15868.000000
-15752.000000
-15854.000000
-15713.000000
-15858.000000
-15653.000000
-15896.000000
-15848.000000
-15857.000000
-15706.000000
-15726.000000
-15868.000000
-15748.000000
-15811.000000
-15768.000000
-15881.000000
-15762.000000
-15697.000000
-15858.000000
-15857.000000
-15796.000000
-15857.000000
-15868.000000
-15868.000000
-15867.000000
-15882.000000
-15836.000000
-15718.000000
-15882.000000
-15865.000000
-15887.000000
-15747.000000
-15894.000000
-15521.000000
-15867.000000
-15668.000000
-15854.000000
-15711.000000
-15844.000000
-15879.000000
-15739.000000
-15875.000000
-15685.000000
-15692.000000
-15869.000000
-15825.000000
-15743.000000
-15760.000000
-15892.000000
-15841.000000
-15871.000000
-15575.000000
-15679.000000
-15702.000000
-15739.000000
-15752.000000
-15721.000000
-15721.000000
-15767.000000
-15733.000000
-15866.000000
-15859.000000
-15885.000000
-15808.000000
-15854.000000
-15686.000000
-15853.000000
-15874.000000
-15846.000000
-15683.000000
-15864.000000
-15831.000000
-15876.000000
-15716.000000
-15667.000000
-15890.000000
-15827.000000
-15863.000000
-15865.000000
-15748.000000
-15761.000000
-15748.000000
-15710.000000
-15720.000000
-15864.000000
-15827.000000
-15867.000000
-15874.000000
-15861.000000
-15703.000000
-15699.000000
-15866.000000
-15868.000000
-15867.000000
-15687.000000
-15599.000000
-15779.000000
-15864.000000
-15694.000000
-15855.000000
-15680.000000
-15721.000000
-15851.000000
-15876.000000
-15865.000000
-15886.000000
-15885.000000
-15842.000000
-15809.000000
-15596.000000
-15879.000000
-15875.000000
-15726.000000
-15824.000000
-15848.000000
-15699.000000
-15564.000000
-15761.000000
-15687.000000
-15877.000000
-15893.000000
-15689.000000
-15837.000000
-15887.000000
-15826.000000
-15838.000000
-15873.000000
-15873.000000
-15566.000000
-15707.000000
-15880.000000
-15651.000000
-15716.000000
-15872.000000
-15854.000000
-15841.000000
-15675.000000
-15861.000000
-15677.000000
-15873.000000
-15742.000000
-15867.000000
-15894.000000
-15874.000000
-15564.000000
-15753.000000
-15902.000000
-15847.000000
-15715.000000
-15880.000000
-15767.000000
-15896.000000
-15863.000000
-15884.000000
-15856.000000
-15864.000000
-15851.000000
-15753.000000
-15745.000000
-15866.000000
-15701.000000
-15874.000000
-15873.000000
-15865.000000
-15858.000000
-15722.000000
-15869.000000
-15702.000000
-15876.000000
-15734.000000
-15837.000000
-15745.000000
-15869.000000
-15884.000000
-15750.000000
-15743.000000
-15884.000000
-15638.000000
-15756.000000
-15554.000000
-15874.000000
-15570.000000
-15567.000000
-15768.000000
-15734.000000
-15866.000000
-15722.000000
-15872.000000
-15859.000000
-15852.000000
-15669.000000
-15865.000000
-15833.000000
-15856.000000
-15881.000000
-15871.000000
-15704.000000
-15877.000000
-15572.000000
-15705.000000
-15868.000000
-15885.000000
-15853.000000
-15822.000000
-15853.000000
-15862.000000
-15842.000000
-15665.000000
-15871.000000
-15670.000000
-15844.000000
-15814.000000
-15754.000000
-15712.000000
-15746.000000
-15679.000000
-15881.000000
-15718.000000
-15896.000000
-15821.000000
-15830.000000
-15882.000000
-15824.000000
-15856.000000
-15882.000000
-15880.000000
-15689.000000
-15875.000000
-15869.000000
-15876.000000
-15589.000000
-15853.000000
-15856.000000
-15831.000000
-15841.000000
-15671.000000
-15870.000000
-15875.000000
-15892.000000
-15873.000000
-15840.000000
-15706.000000
-15768.000000
-15850.000000
-15853.000000
-15896.000000
-15676.000000
-15773.000000
-15875.000000
-15881.000000
-15864.000000
-15837.000000
-15837.000000
-15645.000000
-15898.000000
-15834.000000
-15577.000000
-15853.000000
-15863.000000
-15875.000000
-15831.000000
-15679.000000
-15865.000000
-15556.000000
-15866.000000
-15883.000000
-15877.000000
-15895.000000
-15837.000000
-15862.000000
-15715.000000
-15864.000000
-15854.000000
-15687.000000
-15867.000000
-15758.000000
-15884.000000
-15595.000000
-15860.000000
-15771.000000
-15859.000000
-15695.000000
-15843.000000
-15833.000000
-15743.000000
-15857.000000
-15884.000000
-15868.000000
-15888.000000
-15740.000000
-15874.000000
-15858.000000
-15871.000000
-15881.000000
-15717.000000
-15829.000000
-15815.000000
-15735.000000
-15893.000000
-15891.000000
-15728.000000
-15891.000000
-15874.000000
-15628.000000
-15832.000000
-15704.000000
-15873.000000
-15869.000000
-15551.000000
-15858.000000
-15874.000000
-15689.000000
-15688.000000
-15714.000000
-15882.000000
-15698.000000
-15720.000000
-15687.000000
-15844.000000
-15869.000000
-15685.000000
-15864.000000
-15768.000000
-15693.000000
-15671.000000
-15851.000000
-15878.000000
-15858.000000
-15750.000000
-15866.000000
-15561.000000
-15882.000000
-15881.000000
-15893.000000
-15739.000000
-15861.000000
-15875.000000
-15704.000000
-15703.000000
-15705.000000
-15858.000000
-15841.000000
-15866.000000
-15887.000000
-15894.000000
-15854.000000
-15894.000000
-15642.000000
-15873.000000
-15694.000000
-15703.000000
-15853.000000
-15692.000000
-15868.000000
-15716.000000
-15867.000000
-15738.000000
-15875.000000
-15856.000000
-15878.000000
-15884.000000
-15878.000000
-15873.000000
-15884.000000
-15882.000000
-15846.000000
-15873.000000
-15865.000000
-15845.000000
-15710.000000
-15823.000000
-15882.000000
-15753.000000
-15634.000000
-15687.000000
-15658.000000
-15889.000000
-15807.000000
-15860.000000
-15749.000000
-15740.000000
-15863.000000
-15819.000000
-15716.000000
-15883.000000
-15674.000000
-15857.000000
-15879.000000
-15644.000000
-15860.000000
-15697.000000
-15875.000000
-15541.000000
-15880.000000
-15875.000000
-15826.000000
-15866.000000
-15870.000000
-15849.000000
-15888.000000
-15566.000000
-15879.000000
-15704.000000
-15682.000000
-15875.000000
-15852.000000
-15759.000000
-15626.000000
-15698.000000
-15713.000000
-15885.000000
-15829.000000
-15700.000000
-15759.000000
-15574.000000
-15764.000000
-15817.000000
-15844.000000
-15541.000000
-15767.000000
-15698.000000
-15889.000000
-15361.000000
-15891.000000
-15847.000000
-15554.000000
-15864.000000
-15868.000000
-15890.000000
-15850.000000
-15869.000000
-15677.000000
-15847.000000
-15874.000000
-15702.000000
-15555.000000
-15872.000000
-15849.000000
-15759.000000
-15836.000000
-15685.000000
-15894.000000
-15765.000000
-15872.000000
-15860.000000
-15840.000000
-15852.000000
-15852.000000
-15744.000000
-15695.000000
-15743.000000
-15700.000000
-15726.000000
-15887.000000
-15830.000000
-15878.000000
-15846.000000
-15837.000000
-15893.000000
-15885.000000
-15826.000000
-15862.000000
-15750.000000
-15890.000000
-15742.000000
-15562.000000
-15824.000000
-15749.000000
-15851.000000
-15835.000000
-15874.000000
-15895.000000
-15878.000000
-15828.000000
-15684.000000
-15743.000000
-15873.000000
-15840.000000
-15729.000000
-15876.000000
-15845.000000
-15867.000000
-15851.000000
-15770.000000
-15871.000000
-15576.000000
-15855.000000
-15869.000000
-15582.000000
-15880.000000
-15734.000000
-15871.000000
-15843.000000
-15880.000000
-15748.000000
-15868.000000
-15571.000000
-15849.000000
-15728.000000
-15872.000000
-15870.000000
-15887.000000
-15836.000000
-15875.000000
-15852.000000
-15893.000000
-15876.000000
-15726.000000
-15854.000000
-15878.000000
-15878.000000
-15735.000000
-15855.000000
-15890.000000
-15847.000000
-15844.000000
-15785.000000
-15739.000000
-15815.000000
-15889.000000
-15791.000000
-15856.000000
-15865.000000
-15740.000000
-15843.000000
-15856.000000
-15714.000000
-15684.000000
-15876.000000
-15863.000000
-15878.000000
-15868.000000
-15863.000000
-15697.000000
-15771.000000
-15714.000000
-15859.000000
-15848.000000
-15720.000000
-15880.000000
-15742.000000
-15893.000000
-15847.000000
-15711.000000
-15702.000000
-15872.000000
-15677.000000
-15750.000000
-15811.000000
-15707.000000
-15874.000000
-15755.000000
-15852.000000
-15846.000000
-15883.000000
-15742.000000
-15732.000000
-15708.000000
-15867.000000
-15880.000000
-15551.000000
-15740.000000
-15883.000000
-15677.000000
-15883.000000
-15613.000000
-15888.000000
-15846.000000
-15689.000000
-15529.000000
-15560.000000
-15686.000000
-15869.000000
-15868.000000
-15868.000000
-15590.000000
-15755.000000
-15628.000000
-15864.000000
-15896.000000
-15788.000000
-15859.000000
-15843.000000
-15891.000000
-15847.000000
-15859.000000
-15861.000000
-15683.000000
-15714.000000
-15852.000000
-15868.000000
-15845.000000
-15547.000000
-15891.000000
-15754.000000
-15862.000000
-15559.000000
-15852.000000
-15716.000000
-15752.000000
-15873.000000
-15659.000000
-15871.000000
-15873.000000
-15569.000000
-15867.000000
-15812.000000
-15848.000000
-15867.000000
-15728.000000
-15573.000000
-15852.000000
-15889.000000
-15685.000000
-15710.000000
-15758.000000
-15644.000000
-15756.000000
-15854.000000
-15889.000000
-15879.000000
-15864.000000
-15760.000000
-15874.000000
-15755.000000
-15849.000000
-15767.000000
-15883.000000
-15855.000000
-15873.000000
-15679.000000
-15873.000000
-15669.000000
-15710.000000
-15559.000000
-15894.000000
-15873.000000
-15863.000000
-15869.000000
-15865.000000
-15876.000000
-15768.000000
-15861.000000
-15822.000000
-15870.000000
-15759.000000
-15751.000000
-15870.000000
-15671.000000
-15884.000000
-15864.000000
-15709.000000
-15671.000000
-15863.000000
-15862.000000
-15865.000000
-15764.000000
-15847.000000
-15743.000000
-15886.000000
-15854.000000
-15889.000000
-15700.000000
-15880.000000
-15765.000000
-15841.000000
-15873.000000
-15728.000000
-15851.000000
-15864.000000
-15841.000000
-15867.000000
-15865.000000
-15817.000000
-15672.000000
-15836.000000
-15540.000000
-15893.000000
-15738.000000
-15860.000000
-15852.000000
-15876.000000
-15690.000000
-15894.000000
-15880.000000
-15771.000000
-15897.000000
-15697.000000
-15870.000000
-15664.000000
-15839.000000
-15640.000000
-15832.000000
-15857.000000
-15828.000000
-15885.000000
-15690.000000
-15903.000000
-15548.000000
-15742.000000
-15861.000000
-15621.000000
-15885.000000
-15828.000000
-15754.000000
-15858.000000
-15841.000000
-15583.000000
-15751.000000
-15844.000000
-15840.000000
-15882.000000
-15726.000000
-15838.000000
-15886.000000
-15726.000000
-15763.000000
-15716.000000
-15683.000000
-15703.000000
-15873.000000
-15843.000000
-15674.000000
-15751.000000
-15733.000000
-15875.000000
-15837.000000
-15667.000000
-15869.000000
-15625.000000
-15862.000000
-15706.000000
-15865.000000
-15856.000000
-15863.000000
-15741.000000
-15881.000000
-15872.000000
-15720.000000
-15855.000000
-15883.000000
