-4277.000000
-4277.000000
-4275.000000
-4281.000000
-4286.000000
-4285.000000
-4280.000000
-4230.000000
-4282.000000
-4273.000000
-4278.000000
-4277.000000
-4285.000000
-4246.000000
-4286.000000
-4234.000000
-4281.000000
-4281.000000
-4276.000000
-4279.000000
-4276.000000
-4269.000000
-4244.000000
-4280.000000
-4287.000000
-4278.000000
-4279.000000
-4282.000000
-4230.000000
-4280.000000
-4248.000000
-4291.000000
-4283.000000
-4279.000000
-4272.000000
-4273.000000
-4284.000000
-4280.000000
-4283.000000
-4288.000000
-4272.000000
-4279.000000
-4277.000000
-4278.000000
-4283.000000
-4277.000000
-4278.000000
-4273.000000
-4284.000000
-4274.000000
-4288.000000
-4282.000000
-4276.000000
-4285.000000
-4243.000000
-4281.000000
-4280.000000
-4103.000000
-4275.000000
-4272.000000
-4265.000000
-4276.000000
-4281.000000
-4277.000000
-4280.000000
-4285.000000
-4280.000000
-4264.000000
-4276.000000
-4285.000000
-4281.000000
-4268.000000
-4249.000000
-4273.000000
-4275.000000
-4277.000000
-4283.000000
-4280.000000
-4249.000000
-4231.000000
-4252.000000
-4266.000000
-4270.000000
-4279.000000
-4286.000000
-4272.000000
-4284.000000
-4241.000000
-4285.000000
-4283.000000
-4286.000000
-4272.000000
-4277.000000
-4263.000000
-4262.000000
-4280.000000
-4267.000000
-4282.000000
-4276.000000
-4286.000000
-4279.000000
-4256.000000
-4278.000000
-4271.000000
-4284.000000
-4278.000000
-4283.000000
-4281.000000
-4268.000000
-4274.000000
-4239.000000
-4264.000000
-4264.000000
-4277.000000
-4266.000000
-4279.000000
-4287.000000
-4275.000000
-4273.000000
-4278.000000
-4286.000000
-4272.000000
-4276.000000
-4281.000000
-4280.000000
-4285.000000
-4280.000000
-4279.000000
-4277.000000
-4245.000000
-4272.000000
-4283.000000
-4245.000000
-4287.000000
-4290.000000
-4235.000000
-4254.000000
-4283.000000
-4256.000000
-4282.000000
-4284.000000
-4264.000000
-4278.000000
-4281.000000
-4277.000000
-4242.000000
-4269.000000
-4280.000000
-4279.000000
-4280.000000
-4260.000000
-4266.000000
-4269.000000
-4280.000000
-4285.000000
-4267.000000
-4279.000000
-4272.000000
-4278.000000
-4282.000000
-4286.000000
-4277.000000
-4279.000000
-4277.000000
-4278.000000
-4237.000000
-4275.000000
-4279.000000
-4273.000000
-4284.000000
-4273.000000
-4277.000000
-4286.000000
-4272.000000
-4272.000000
-4254.000000
-4277.000000
-4280.000000
-4277.000000
-4279.000000
-4274.000000
-4283.000000
-4281.000000
-4278.000000
-4280.000000
-4275.000000
-4273.000000
-4289.000000
-4279.000000
-4279.000000
-4274.000000
-4285.000000
-4275.000000
-4282.000000
-4276.000000
-4277.000000
-4208.000000
-4281.000000
-4278.000000
-4225.000000
-4281.000000
-4285.000000
-4273.000000
-4270.000000
-4283.000000
-4260.000000
-4285.000000
-4243.000000
-4269.000000
-4270.000000
-4263.000000
-4286.000000
-4282.000000
-4275.000000
-4279.000000
-4284.000000
-4265.000000
-4277.000000
-4274.000000
-4277.000000
-4281.000000
-4269.000000
-4284.000000
-4275.000000
-4276.000000
-4274.000000
-4234.000000
-4276.000000
-4259.000000
-4288.000000
-4287.000000
-4276.000000
-4274.000000
-4280.000000
-4280.000000
-4263.000000
-4248.000000
-4282.000000
-4279.000000
-4274.000000
-4257.000000
-4270.000000
-4277.000000
-4242.000000
-4268.000000
-4272.000000
-4272.000000
-4276.000000
-4285.000000
-4268.000000
-4282.000000
-4279.000000
-4284.000000
-4278.000000
-4231.000000
-4240.000000
-4280.000000
-4275.000000
-4258.000000
-4272.000000
-4283.000000
-4281.000000
-4279.000000
-4285.000000
-4264.000000
-4279.000000
-4243.000000
-4271.000000
-4256.000000
-4283.000000
-4285.000000
-4275.000000
-4281.000000
-4285.000000
-4285.000000
-4283.000000
-4283.000000
-4258.000000
-4275.000000
-4245.000000
-4263.000000
-4212.000000
-4273.000000
-4280.000000
-4280.000000
-4284.000000
-4276.000000
-4262.000000
-4277.000000
-4267.000000
-4277.000000
-4280.000000
-4280.000000
-4278.000000
-4272.000000
-4266.000000
-4262.000000
-4284.000000
-4279.000000
-4277.000000
-4280.000000
-4254.000000
-4287.000000
-4276.000000
-4276.000000
-4271.000000
-4281.000000
-4278.000000
-4272.000000
-4268.000000
-4273.000000
-4284.000000
-4272.000000
-4275.000000
-4274.000000
-4282.000000
-4280.000000
-4235.000000
-4269.000000
-4287.000000
-4281.000000
-4287.000000
-4286.000000
-4267.000000
-4289.000000
-4264.000000
-4283.000000
-4280.000000
-4287.000000
-4280.000000
-4274.000000
-4276.000000
-4285.000000
-4280.000000
-4267.000000
-4265.000000
-4220.000000
-4238.000000
-4224.000000
-4272.000000
-4277.000000
-4273.000000
-4281.000000
-4283.000000
-4277.000000
-4282.000000
-4282.000000
-4284.000000
-4263.000000
-4282.000000
-4277.000000
-4273.000000
-4278.000000
-4272.000000
-4284.000000
-4271.000000
-4284.000000
-4280.000000
-4273.000000
-4279.000000
-4279.000000
-4273.000000
-4281.000000
-4274.000000
-4279.000000
-4280.000000
-4244.000000
-4280.000000
-4276.000000
-4263.000000
-4269.000000
-4275.000000
-4284.000000
-4271.000000
-4288.000000
-4281.000000
-4236.000000
-4289.000000
-4286.000000
-4260.000000
-4252.000000
-4284.000000
-4282.000000
-4275.000000
-4268.000000
-4270.000000
-4281.000000
-4269.000000
-4287.000000
-4276.000000
-4249.000000
-4283.000000
-4278.000000
-4226.000000
-4217.000000
-4278.000000
-4249.000000
-4275.000000
-4285.000000
-4284.000000
-4281.000000
-4275.000000
-4268.000000
-4281.000000
-4272.000000
-4282.000000
-4276.000000
-4278.000000
-4279.000000
-4244.000000
-4262.000000
-4282.000000
-4274.000000
-4226.000000
-4289.000000
-4266.000000
-4258.000000
-4240.000000
-4272.000000
-4280.000000
-4254.000000
-4282.000000
-4266.000000
-4225.000000
-4281.000000
-4049.000000
-4276.000000
-4253.000000
-4283.000000
-4285.000000
-4279.000000
-4273.000000
-4266.000000
-4278.000000
-4277.000000
-4279.000000
-4284.000000
-4284.000000
-4276.000000
-4240.000000
-4270.000000
-4276.000000
-4285.000000
-4265.000000
-4282.000000
-4271.000000
-4218.000000
-4283.000000
-4269.000000
-4285.000000
-4284.000000
-4289.000000
-4280.000000
-4278.000000
-4287.000000
-4272.000000
-4273.000000
-4276.000000
-4279.000000
-4282.000000
-4282.000000
-4283.000000
-4276.000000
-4263.000000
-4284.000000
-4283.000000
-4280.000000
-4277.000000
-4274.000000
-4275.000000
-4289.000000
-4279.000000
-4271.000000
-4269.000000
-4281.000000
-4274.000000
-4272.000000
-4281.000000
-4271.000000
-4270.000000
-4282.000000
-4281.000000
-4277.000000
-4272.000000
-4278.000000
-4283.000000
-4275.000000
-4278.000000
-4278.000000
-4278.000000
-4268.000000
-4288.000000
-4283.000000
-4288.000000
-4278.000000
-4278.000000
-4279.000000
-4230.000000
-4274.000000
-4275.000000
-4271.000000
-4282.000000
-4272.000000
-4281.000000
-4284.000000
-4278.000000
-4274.000000
-4283.000000
-4280.000000
-4285.000000
-4279.000000
-4271.000000
-4245.000000
-4280.000000
-4275.000000
-4279.000000
-4275.000000
-4281.000000
-4281.000000
-4270.000000
-4278.000000
-4283.000000
-4274.000000
-4288.000000
-4227.000000
-4287.000000
-4278.000000
-4268.000000
-4278.000000
-4278.000000
-4279.000000
-4277.000000
-4286.000000
-4275.000000
-4275.000000
-4278.000000
-4281.000000
-4263.000000
-4281.000000
-4275.000000
-4277.000000
-4283.000000
-4279.000000
-4266.000000
-4280.000000
-4265.000000
-4268.000000
-4251.000000
-4277.000000
-4278.000000
-4283.000000
-4238.000000
-4273.000000
-4241.000000
-4270.000000
-4277.000000
-4281.000000
-4280.000000
-4276.000000
-4237.000000
-4275.000000
-4267.000000
-4282.000000
-4278.000000
-4286.000000
-4278.000000
-4251.000000
-4276.000000
-4272.000000
-4247.000000
-4276.000000
-4278.000000
-4281.000000
-4254.000000
-4278.000000
-4279.000000
-4279.000000
-4285.000000
-4278.000000
-4276.000000
-4279.000000
-4285.000000
-4274.000000
-4277.000000
-4266.000000
-4231.000000
-4285.000000
-4279.000000
-4286.000000
-4285.000000
-4277.000000
-4284.000000
-4283.000000
-4279.000000
-4265.000000
-4287.000000
-4276.000000
-4284.000000
-4286.000000
-4271.000000
-4285.000000
-4278.000000
-4268.000000
-4249.000000
-4280.000000
-4275.000000
-4285.000000
-4287.000000
-4287.000000
-4276.000000
-4276.000000
-4291.000000
-4278.000000
-4277.000000
-4274.000000
-4273.000000
-4268.000000
-4278.000000
-4279.000000
-4243.000000
-4285.000000
-4280.000000
-4221.000000
-4282.000000
-4272.000000
-4273.000000
-4273.000000
-4278.000000
-4280.000000
-4272.000000
-4284.000000
-4251.000000
-4275.000000
-4275.000000
-4280.000000
-4272.000000
-4277.000000
-4237.000000
-4289.000000
-4275.000000
-4266.000000
-4262.000000
-4281.000000
-4283.000000
-4280.000000
-4283.000000
-4278.000000
-4249.000000
-4279.000000
-4271.000000
-4273.000000
-4282.000000
-4273.000000
-4276.000000
-4269.000000
-4272.000000
-4282.000000
-4192.000000
-4282.000000
-4285.000000
-4283.000000
-4239.000000
-4273.000000
-4285.000000
-4228.000000
-4280.000000
-4285.000000
-4287.000000
-4286.000000
-4276.000000
-4242.000000
-4277.000000
-4282.000000
-4280.000000
-4231.000000
-4270.000000
-4280.000000
-4258.000000
-4275.000000
-4283.000000
-4277.000000
-4278.000000
-4275.000000
-4276.000000
-4278.000000
-4280.000000
-4279.000000
-4273.000000
-4281.000000
-4277.000000
-4280.000000
-4276.000000
-4252.000000
-4282.000000
-4288.000000
-4269.000000
-4277.000000
-4282.000000
-4253.000000
-4271.000000
-4277.000000
-4282.000000
-4278.000000
-4272.000000
-4229.000000
-4272.000000
-4245.000000
-4280.000000
-4229.000000
-4276.000000
-4280.000000
-4285.000000
-4282.000000
-4281.000000
-4273.000000
-4267.000000
-4286.000000
-4279.000000
-4223.000000
-4245.000000
-4267.000000
-4268.000000
-4280.000000
-4277.000000
-4237.000000
-4291.000000
-4262.000000
-4285.000000
-4270.000000
-4244.000000
-4273.000000
-4277.000000
-4284.000000
-4275.000000
-4266.000000
-4282.000000
-4281.000000
-4259.000000
-4266.000000
-4266.000000
-4279.000000
-4274.000000
-4283.000000
-4287.000000
-4276.000000
-4270.000000
-4276.000000
-4280.000000
-4279.000000
-4279.000000
-4259.000000
-4286.000000
-4273.000000
-4271.000000
-4269.000000
-4235.000000
-4279.000000
-4280.000000
-4240.000000
-4280.000000
-4276.000000
-4276.000000
-4280.000000
-4275.000000
-4246.000000
-4273.000000
-4274.000000
-4280.000000
-4270.000000
-4285.000000
-4280.000000
-4279.000000
-4273.000000
-4273.000000
-4273.000000
-4277.000000
-4281.000000
-4273.000000
-4281.000000
-4281.000000
-4277.000000
-4272.000000
-4274.000000
-4277.000000
-4284.000000
-4258.000000
-4279.000000
-4277.000000
-4274.000000
-4241.000000
-4282.000000
-4279.000000
-4216.000000
-4269.000000
-4275.000000
-4283.000000
-4280.000000
-4290.000000
-4213.000000
-4274.000000
-4278.000000
-4288.000000
-4239.000000
-4277.000000
-4289.000000
-4271.000000
-4233.000000
-4217.000000
-4233.000000
-4270.000000
-4282.000000
-4227.000000
-4267.000000
-4279.000000
-4276.000000
-4272.000000
-4278.000000
-4274.000000
-4229.000000
-4287.000000
-4252.000000
-4262.000000
-4278.000000
-4288.000000
-4282.000000
-4225.000000
-4278.000000
-4269.000000
-4275.000000
-4285.000000
-4280.000000
-4294.000000
-4279.000000
-4277.000000
-4284.000000
-4280.000000
-4269.000000
-4284.000000
-4282.000000
-4280.000000
-4285.000000
-4283.000000
-4272.000000
-4242.000000
-4274.000000
-4273.000000
-4280.000000
-4278.000000
-4281.000000
-4278.000000
-4212.000000
-4267.000000
-4277.000000
-4265.000000
-4280.000000
-4284.000000
-4258.000000
-4274.000000
-4280.000000
-4268.000000
-4275.000000
-4257.000000
-4272.000000
-4257.000000
-4220.000000
-4283.000000
-4280.000000
-4280.000000
-4281.000000
-4279.000000
-4269.000000
-4276.000000
-4260.000000
-4277.000000
-4284.000000
-4274.000000
-4267.000000
-4241.000000
-4264.000000
-4271.000000
-4282.000000
-4191.000000
-4277.000000
-4263.000000
-4220.000000
-4284.000000
-4277.000000
-4285.000000
-4277.000000
-4281.000000
-4292.000000
-4241.000000
-4274.000000
-4239.000000
-4282.000000
-4281.000000
-4245.000000
-4272.000000
-4266.000000
-4244.000000
-4273.000000
-4278.000000
-4252.000000
-4277.000000
-4284.000000
-4281.000000
-4244.000000
-4272.000000
-4272.000000
-4276.000000
-4237.000000
-4240.000000
-4276.000000
-4283.000000
-4282.000000
-4230.000000
-4281.000000
-4284.000000
-4287.000000
-4278.000000
-4280.000000
-4227.000000
-4263.000000
-4276.000000
-4284.000000
-4279.000000
-4281.000000
-4284.000000
-4281.000000
-4279.000000
-4279.000000
-4282.000000
-4288.000000
-4236.000000
-4282.000000
-4248.000000
-4272.000000
-4271.000000
-4282.000000
-4241.000000
-4245.000000
-4280.000000
-4261.000000
-4272.000000
-4271.000000
-4277.000000
-4281.000000
-4273.000000
-4268.000000
-4277.000000
-4279.000000
-4269.000000
-4279.000000
-4263.000000
-4276.000000
-4277.000000
-4277.000000
-4283.000000
-4277.000000
-4276.000000
-4265.000000
-4282.000000
-4255.000000
-4242.000000
-4276.000000
-4282.000000
-4283.000000
-4280.000000
-4275.000000
-4271.000000
-4273.000000
-4284.000000
-4282.000000
-4278.000000
-4281.000000
-4274.000000
-4282.000000
-4286.000000
-4287.000000
-4273.000000
-4278.000000
-4279.000000
-4238.000000
-4273.000000
-4259.000000
-4280.000000
-4245.000000
-4281.000000
-4290.000000
-4274.000000
-4273.000000
-4282.000000
-4271.000000
-4284.000000
-4279.000000
-4276.000000
-4266.000000
-4273.000000
-4280.000000
-4278.000000
-4277.000000
-4276.000000
-4283.000000
-4276.000000
-4276.000000
-4280.000000
-4279.000000
-4284.000000
-4272.000000
-4290.000000
-4272.000000
-4201.000000
-4268.000000
-4280.000000
-4258.000000
-4280.000000
-4287.000000
-4282.000000
-4275.000000
-4279.000000
-4225.000000
-4268.000000
-4282.000000
-4289.000000
-4273.000000
-4249.000000
-4239.000000
-4267.000000
-4288.000000
-4280.000000
-4282.000000
-4240.000000
-4252.000000
-4282.000000
-4273.000000
-4282.000000
-4254.000000
-4281.000000
-4279.000000
-4272.000000
-4272.000000
-4275.000000
-4280.000000
-4276.000000
-4282.000000
-4280.000000
-4269.000000
-4253.000000
-4278.000000
-4228.000000
-4275.000000
-4286.000000
-4240.000000
-4272.000000
-4278.000000
-4275.000000
-4276.000000
-4277.000000
-4281.000000
-4258.000000
-4258.000000
-4282.000000
-4284.000000
-4275.000000
-4282.000000
-4288.000000
-4275.000000
-4278.000000
-4272.000000
-4278.000000
-4276.000000
-4283.000000
-4276.000000
-4284.000000
-4275.000000
-4287.000000
-4277.000000
-4270.000000
-4272.000000
-4284.000000
-4269.000000
-4270.000000
-4286.000000
-4277.000000
-4264.000000
-4272.000000
-4271.000000
-4262.000000
-4282.000000
-4283.000000
-4261.000000
-4278.000000
-4261.000000
-4285.000000
-4278.000000
-4274.000000
-4278.000000
-4278.000000
-4283.000000
-4286.000000
-4277.000000
-4262.000000
-4285.000000
-4273.000000
-4276.000000
-4269.000000
-4280.000000
-4280.000000
-4278.000000
-4273.000000
-4283.000000
-4264.000000
-4285.000000
-4279.000000
-4281.000000
-4231.000000
-4246.000000
-4274.000000
-4279.000000
-4282.000000
-4268.000000
-4277.000000
-4280.000000
-4279.000000
-4283.000000
-4275.000000
-4245.000000
-4290.000000
-4271.000000
-4270.000000
-4271.000000
-4273.000000
-4273.000000
-4278.000000
-4270.000000
-4277.000000
-4284.000000
-4283.000000
-4284.000000
-4275.000000
-4257.000000
-4277.000000
-4277.000000
-4273.000000
-4283.000000
-4273.000000
-4285.000000
-4275.000000
-4266.000000
-4274.000000
-4284.000000
-4277.000000
-4272.000000
-4277.000000
-4266.000000
-4276.000000
-4273.000000
-4286.000000
-4288.000000
-4260.000000
-4282.000000
-4271.000000
-4276.000000
-4264.000000
-4277.000000
-4277.000000
-4278.000000
-4252.000000
-4277.000000
-4289.000000
-4271.000000
-4282.000000
-4282.000000
-4282.000000
-4275.000000
-4280.000000
-4270.000000
-4277.000000
-4257.000000
-4279.000000
-4278.000000
-4272.000000
-4273.000000
-4243.000000
-4275.000000
-4277.000000
-4284.000000
-4279.000000
-4282.000000
-4277.000000
-4279.000000
-4270.000000
-4271.000000
-4283.000000
-4224.000000
-4275.000000
-4268.000000
-4278.000000
-4285.000000
-4284.000000
-4284.000000
-4239.000000
-4274.000000
-4251.000000
-4274.000000
-4284.000000
-4280.000000
-4285.000000
-4270.000000
-4274.000000
-4279.000000
-4275.000000
-4272.000000
-4249.000000
-4278.000000
-4235.000000
-4284.000000
-4234.000000
-4277.000000
-4267.000000
-4282.000000
-4273.000000
-4269.000000
-4272.000000
-4287.000000
-4279.000000
-4276.000000
-4276.000000
-4280.000000
-4243.000000
-4277.000000
-4278.000000
-4282.000000
-4279.000000
-4284.000000
-4279.000000
-4276.000000
-4284.000000
-4274.000000
-4241.000000
-4283.000000
-4278.000000
-4274.000000
-4246.000000
-4288.000000
-4275.000000
-4242.000000
-4260.000000
-4282.000000
-4270.000000
-4272.000000
-4278.000000
-4282.000000
-4280.000000
-4280.000000
-4236.000000
-4278.000000
-4267.000000
-4280.000000
-4281.000000
-4270.000000
-4275.000000
-4279.000000
-4237.000000
-4281.000000
-4276.000000
-4280.000000
-4274.000000
-4271.000000
-4220.000000
-4231.000000
-4272.000000
-4261.000000
-4284.000000
-4271.000000
-4277.000000
-4283.000000
-4280.000000
-4272.000000
-4280.000000
-4287.000000
-4263.000000
-4277.000000
-4280.000000
-4258.000000
-4280.000000
-4288.000000
-4274.000000
-4277.000000
-4284.000000
-4276.000000
-4282.000000
-4264.000000
-4283.000000
-4278.000000
-4275.000000
-4273.000000
-4272.000000
-4279.000000
-4286.000000
-4274.000000
-4270.000000
-4277.000000
-4279.000000
-4266.000000
-4288.000000
-4273.000000
-4281.000000
-4282.000000
-4270.000000
-4279.000000
-4268.000000
-4285.000000
-4269.000000
-4271.000000
-4270.000000
-4285.000000
-4281.000000
-4280.000000
-4277.000000
-4288.000000
-4231.000000
-4282.000000
-4275.000000
-4255.000000
-4278.000000
-4267.000000
-4278.000000
-4266.000000
-4267.000000
-4278.000000
-4288.000000
-4283.000000
-4273.000000
-4279.000000
-4283.000000
-4280.000000
-4276.000000
-4260.000000
-4277.000000
-4268.000000
-4280.000000
-4293.000000
-4274.000000
-4264.000000
-4272.000000
-4235.000000
-4281.000000
-4271.000000
-4269.000000
-4282.000000
-4281.000000
-4271.000000
-4273.000000
-4223.000000
-4286.000000
-4277.000000
-4284.000000
-4272.000000
-4264.000000
-4271.000000
-4280.000000
-4253.000000
-4283.000000
-4268.000000
-4274.000000
-4281.000000
-4282.000000
-4273.000000
-4265.000000
-4282.000000
-4272.000000
-4256.000000
-4268.000000
-4259.000000
-4274.000000
-4274.000000
-4278.000000
-4280.000000
-4287.000000
-4187.000000
-4279.000000
-4282.000000
-4275.000000
-4268.000000
-4281.000000
-4271.000000
-4283.000000
-4265.000000
-4286.000000
-4282.000000
-4276.000000
-4274.000000
-4286.000000
-4262.000000
-4156.000000
-4280.000000
-4284.000000
-4261.000000
-4268.000000
-4275.000000
-4283.000000
-4275.000000
-4282.000000
-4279.000000
-4262.000000
-4274.000000
-4291.000000
-4255.000000
-4274.000000
-4275.000000
-4275.000000
-4279.000000
-4279.000000
-4282.000000
-4278.000000
-4284.000000
-4274.000000
-4281.000000
-4270.000000
-4273.000000
-4276.000000
-4285.000000
-4254.000000
-4289.000000
-4275.000000
-4285.000000
-4279.000000
-4280.000000
-4280.000000
-4280.000000
-4229.000000
-4278.000000
-4275.000000
-4266.000000
-4275.000000
-4259.000000
-4235.000000
-4276.000000
-4249.000000
-4267.000000
-4279.000000
-4266.000000
-4283.000000
-4237.000000
-4236.000000
-4239.000000
-4271.000000
-4274.000000
-4278.000000
-4280.000000
-4275.000000
-4284.000000
-4276.000000
-4270.000000
-4275.000000
-4279.000000
-4277.000000
-4273.000000
-4273.000000
-4273.000000
-4268.000000
-4273.000000
-4280.000000
-4273.000000
-4286.000000
-4279.000000
-4283.000000
-4281.000000
-4287.000000
-4273.000000
-4267.000000
-4275.000000
-4278.000000
-4279.000000
-4282.000000
-4223.000000
-4278.000000
-4257.000000
-4269.000000
-4288.000000
-4279.000000
-4280.000000
-4283.000000
-4241.000000
-4277.000000
-4272.000000
-4272.000000
-4279.000000
-4272.000000
-4284.000000
-4274.000000
-4280.000000
-4286.000000
-4274.000000
-4269.000000
-4282.000000
-4229.000000
-4288.000000
-4274.000000
-4279.000000
-4285.000000
-4282.000000
-4277.000000
-4264.000000
-4283.000000
-4283.000000
-4273.000000
-4278.000000
-4271.000000
-4277.000000
-4282.000000
-4281.000000
-4273.000000
-4284.000000
-4277.000000
-4272.000000
-4281.000000
-4271.000000
-4271.000000
-4275.000000
-4271.000000
-4275.000000
-4273.000000
-4283.000000
-4278.000000
-4272.000000
-4275.000000
-4267.000000
-4235.000000
-4277.000000
-4281.000000
-4275.000000
-4286.000000
-4290.000000
-4281.000000
-4275.000000
-4269.000000
-4263.000000
-4254.000000
-4275.000000
-4282.000000
-4273.000000
-4278.000000
-4269.000000
-4276.000000
-4264.000000
-4273.000000
-4286.000000
-4286.000000
-4276.000000
-4275.000000
-4267.000000
-4284.000000
-4278.000000
-4272.000000
-4284.000000
-4279.000000
-4281.000000
-4195.000000
-4285.000000
-4264.000000
-4268.000000
-4282.000000
-4288.000000
-4241.000000
-4276.000000
-4242.000000
-4263.000000
-4280.000000
-4275.000000
-4278.000000
-4274.000000
-4229.000000
-4275.000000
-4245.000000
-4279.000000
-4277.000000
-4275.000000
-4256.000000
-4279.000000
-4283.000000
-4279.000000
-4279.000000
-4276.000000
-4287.000000
-4279.000000
-4280.000000
-4279.000000
-4259.000000
-4275.000000
-4277.000000
-4270.000000
-4274.000000
-4284.000000
-4230.000000
-4283.000000
-4268.000000
-4275.000000
-4277.000000
-4275.000000
-4275.000000
-4279.000000
-4277.000000
-4279.000000
-4280.000000
-4282.000000
-4272.000000
-4281.000000
-4287.000000
-4270.000000
-4282.000000
-4285.000000
-4278.000000
-4271.000000
-4282.000000
-4278.000000
-4278.000000
-4285.000000
-4276.000000
-4242.000000
-4262.000000
-4273.000000
-4157.000000
-4277.000000
-4280.000000
-4271.000000
-4262.000000
-4272.000000
-4287.000000
-4197.000000
-4287.000000
-4285.000000
-4257.000000
-4275.000000
-4270.000000
-4274.000000
-4287.000000
-4275.000000
-4276.000000
-4262.000000
-4288.000000
-4274.000000
-4237.000000
-4277.000000
-4276.000000
-4279.000000
-4243.000000
-4265.000000
-4284.000000
-4251.000000
-4283.000000
-4278.000000
-4279.000000
-4266.000000
-4283.000000
-4281.000000
-4282.000000
-4273.000000
-4251.000000
-4279.000000
-4275.000000
-4286.000000
-4247.000000
-4285.000000
-4238.000000
-4271.000000
-4261.000000
-4273.000000
-4284.000000
-4278.000000
-4275.000000
-4278.000000
-4283.000000
-4276.000000
-4284.000000
-4258.000000
-4251.000000
-4284.000000
-4277.000000
-4275.000000
-4262.000000
-4245.000000
-4277.000000
-4263.000000
-4237.000000
-4289.000000
-4281.000000
-4289.000000
-4278.000000
-4283.000000
-4267.000000
-4279.000000
-4264.000000
-4281.000000
-4281.000000
-4274.000000
-4280.000000
-4281.000000
-4272.000000
-4278.000000
-4275.000000
-4281.000000
-4266.000000
-4280.000000
-4287.000000
-4266.000000
-4281.000000
-4276.000000
-4276.000000
-4281.000000
-4227.000000
-4274.000000
-4279.000000
-4280.000000
-4261.000000
-4279.000000
-4272.000000
-4273.000000
-4226.000000
-4279.000000
-4265.000000
-4275.000000
-4272.000000
-4240.000000
-4263.000000
-4272.000000
-4260.000000
-4273.000000
-4256.000000
-4260.000000
-4262.000000
-4262.000000
-4280.000000
-4280.000000
-4266.000000
-4279.000000
-4277.000000
-4278.000000
-4284.000000
-4280.000000
-4287.000000
-4280.000000
-4280.000000
-4281.000000
-4267.000000
-4273.000000
-4274.000000
-4273.000000
-4282.000000
-4278.000000
-4280.000000
-4267.000000
-4266.000000
-4250.000000
-4248.000000
-4273.000000
-4265.000000
-4271.000000
-4264.000000
-4246.000000
-4264.000000
-4284.000000
-4281.000000
-4229.000000
-4286.000000
-4277.000000
-4265.000000
-4271.000000
-4287.000000
-4270.000000
-4286.000000
-4263.000000
-4277.000000
-4264.000000
-4276.000000
-4286.000000
-4274.000000
-4284.000000
-4280.000000
-4285.000000
-4254.000000
-4276.000000
-4240.000000
-4273.000000
-4275.000000
-4279.000000
-4274.000000
-4276.000000
-4280.000000
-4282.000000
-4275.000000
-4282.000000
-4270.000000
-4284.000000
-4275.000000
-4280.000000
-4267.000000
-4281.000000
-4281.000000
-4276.000000
-4273.000000
-4275.000000
-4278.000000
-4269.000000
-4269.000000
-4285.000000
-4282.000000
-4282.000000
-4276.000000
-4289.000000
-4274.000000
-4271.000000
-4227.000000
-4279.000000
-4276.000000
-4280.000000
-4278.000000
-4269.000000
-4260.000000
-4262.000000
-4273.000000
-4246.000000
-4274.000000
-4219.000000
-4286.000000
-4279.000000
-4272.000000
-4285.000000
-4277.000000
-4271.000000
-4282.000000
-4273.000000
-4278.000000
-4198.000000
-4272.000000
-4254.000000
-4275.000000
-4281.000000
-4279.000000
-4278.000000
-4285.000000
-4240.000000
-4282.000000
-4196.000000
-4236.000000
-4278.000000
-4272.000000
-4244.000000
-4273.000000
-4276.000000
-4238.000000
-4244.000000
-4280.000000
-4273.000000
-4275.000000
-4264.000000
-4272.000000
-4281.000000
-4262.000000
-4264.000000
-4284.000000
-4266.000000
-4276.000000
-4275.000000
-4262.000000
-4285.000000
-4290.000000
-4275.000000
-4276.000000
-4264.000000
-4277.000000
-4279.000000
-4280.000000
-4280.000000
-4283.000000
-4280.000000
-4281.000000
-4277.000000
-4273.000000
-4279.000000
-4221.000000
-4267.000000
-4269.000000
-4279.000000
-4223.000000
-4280.000000
-4278.000000
-4267.000000
-4273.000000
-4244.000000
-4276.000000
-4277.000000
-4269.000000
-4265.000000
-4279.000000
-4287.000000
-4281.000000
-4279.000000
-4213.000000
-4278.000000
-4255.000000
-4282.000000
-4282.000000
-4286.000000
-4269.000000
-4278.000000
-4273.000000
-4263.000000
-4285.000000
-4280.000000
-4201.000000
-4258.000000
-4237.000000
-4269.000000
-4283.000000
-4280.000000
-4284.000000
-4268.000000
-4277.000000
-4273.000000
-4280.000000
-4285.000000
-4277.000000
-4273.000000
-4275.000000
-4274.000000
-4284.000000
-4271.000000
-4271.000000
-4281.000000
-4284.000000
-4280.000000
-4272.000000
-4286.000000
-4280.000000
-4282.000000
-4221.000000
-4277.000000
-4281.000000
-4279.000000
-4271.000000
-4272.000000
-4284.000000
-4269.000000
-4276.000000
-4283.000000
-4282.000000
-4280.000000
-4277.000000
-4270.000000
-4277.000000
-4277.000000
-4279.000000
-4250.000000
-4278.000000
-4262.000000
-4276.000000
-4245.000000
-4276.000000
-4283.000000
-4280.000000
-4284.000000
-4269.000000
-4266.000000
-4284.000000
-4276.000000
-4266.000000
-4265.000000
-4272.000000
-4259.000000
-4268.000000
-4281.000000
-4276.000000
-4274.000000
-4276.000000
-4271.000000
-4283.000000
-4274.000000
-4272.000000
-4278.000000
-4233.000000
-4268.000000
-4250.000000
-4280.000000
-4260.000000
-4279.000000
-4281.000000
-4277.000000
-4281.000000
-4279.000000
-4272.000000
-4283.000000
-4272.000000
-4257.000000
-4271.000000
-4243.000000
-4280.000000
-4264.000000
-4281.000000
