-19191.000000
-19145.000000
-19208.000000
-19226.000000
-19199.000000
-19188.000000
-19100.000000
-19232.000000
-19166.000000
-19137.000000
-19218.000000
-19215.000000
-19187.000000
-19181.000000
-19165.000000
-19081.000000
-19224.000000
-19178.000000
-19215.000000
-19124.000000
-19215.000000
-19216.000000
-19216.000000
-19052.000000
-19215.000000
-19229.000000
-19099.000000
-19209.000000
-19208.000000
-19227.000000
-19210.000000
-19192.000000
-19195.000000
-19240.000000
-19114.000000
-19192.000000
-19058.000000
-19053.000000
-19073.000000
-19187.000000
-19203.000000
-19193.000000
-19106.000000
-19241.000000
-19227.000000
-19055.000000
-19185.000000
-19087.000000
-19178.000000
-19185.000000
-19097.000000
-19211.000000
-19195.000000
-19125.000000
-19088.000000
-19239.000000
-19095.000000
-19190.000000
-19223.000000
-19216.000000
-19183.000000
-19198.000000
-19235.000000
-18997.000000
-19126.000000
-19189.000000
-19219.000000
-19214.000000
-19201.000000
-19201.000000
-19205.000000
-19069.000000
-19217.000000
-19225.000000
-19084.000000
-19214.000000
-19209.000000
-19190.000000
-19060.000000
-19062.000000
-19190.000000
-19117.000000
-19232.000000
-19085.000000
-19226.000000
-19233.000000
-19217.000000
-18983.000000
-19199.000000
-19189.000000
-19227.000000
-19071.000000
-19224.000000
-19219.000000
-19126.000000
-19233.000000
-19234.000000
-19046.000000
-19201.000000
-19126.000000
-19044.000000
-19179.000000
-19221.000000
-18977.000000
-19064.000000
-19094.000000
-19248.000000
-19195.000000
-19199.000000
-19216.000000
-19092.000000
-19139.000000
-19145.000000
-19168.000000
-19181.000000
-19199.000000
-19088.000000
-19197.000000
-19179.000000
-19207.000000
-19037.000000
-19214.000000
-19196.000000
-19224.000000
-19174.000000
-19102.000000
-19221.000000
-19194.000000
-19236.000000
-19028.000000
-19125.000000
-19083.000000
-19199.000000
-19213.000000
-19068.000000
-19138.000000
-19153.000000
-19169.000000
-19137.000000
-19147.000000
-19136.000000
-19067.000000
-19174.000000
-19074.000000
-19213.000000
-19134.000000
-19203.000000
-19192.000000
-19221.000000
-19196.000000
-19209.000000
-19049.000000
-19183.000000
-19074.000000
-19064.000000
-19185.000000
-19204.000000
-19119.000000
-19068.000000
-19087.000000
-19241.000000
-19229.000000
-19204.000000
-19056.000000
-19073.000000
-19223.000000
-19148.000000
-19090.000000
-19148.000000
-19173.000000
-19223.000000
-19044.000000
-19243.000000
-19131.000000
-19085.000000
-19193.000000
-19230.000000
-19198.000000
-19229.000000
-18972.000000
-19240.000000
-19134.000000
-19124.000000
-19073.000000
-19133.000000
-19094.000000
-19024.000000
-18961.000000
-19183.000000
-19186.000000
-19229.000000
-19223.000000
-19184.000000
-19181.000000
-19096.000000
-19193.000000
-19167.000000
-19109.000000
-19098.000000
-18975.000000
-19120.000000
-19219.000000
-19211.000000
-19086.000000
-19129.000000
-19187.000000
-19190.000000
-19183.000000
-19055.000000
-19198.000000
-19214.000000
-19179.000000
-19202.000000
-19196.000000
-19100.000000
-19224.000000
-19183.000000
-19204.000000
-19227.000000
-19071.000000
-19117.000000
-19201.000000
-19180.000000
-19229.000000
-19211.000000
-19222.000000
-19199.000000
-19054.000000
-19187.000000
-19234.000000
-19192.000000
-19097.000000
-19097.000000
-19131.000000
-19210.000000
-19126.000000
-19239.000000
-19234.000000
-19208.000000
-19096.000000
-19230.000000
-19180.000000
-19214.000000
-19225.000000
-19120.000000
-19220.000000
-19150.000000
-19190.000000
-19238.000000
-19076.000000
-19211.000000
-18951.000000
-19059.000000
-19196.000000
-19112.000000
-19198.000000
-19061.000000
-19235.000000
-19176.000000
-19211.000000
-19211.000000
-19237.000000
-19059.000000
-19212.000000
-19152.000000
-19219.000000
-19214.000000
-19216.000000
-19229.000000
-19129.000000
-19218.000000
-19216.000000
-19225.000000
-19196.000000
-19198.000000
-19191.000000
-18936.000000
-19082.000000
-19236.000000
-19206.000000
-19046.000000
-19235.000000
-19217.000000
-19197.000000
-19239.000000
-19225.000000
-19224.000000
-19208.000000
-19007.000000
-19212.000000
-19081.000000
-19057.000000
-19068.000000
-19211.000000
-19193.000000
-19183.000000
-19216.000000
-19053.000000
-19208.000000
-19058.000000
-19078.000000
-19191.000000
-19072.000000
-19229.000000
-19080.000000
-19200.000000
-19228.000000
-19232.000000
-19171.000000
-19110.000000
-19206.000000
-19227.000000
-19190.000000
-19200.000000
-19083.000000
-19193.000000
-19225.000000
-18980.000000
-19048.000000
-19114.000000
-19182.000000
-19219.000000
-19073.000000
-19237.000000
-19221.000000
-19033.000000
-19233.000000
-19209.000000
-19082.000000
-19245.000000
-19191.000000
-19230.000000
-19227.000000
-19202.000000
-19221.000000
-19226.000000
-19080.000000
-19188.000000
-19229.000000
-19139.000000
-19197.000000
-19212.000000
-19097.000000
-19185.000000
-19187.000000
-19036.000000
-18956.000000
-19199.000000
-19227.000000
-19213.000000
-19216.000000
-19183.000000
-19199.000000
-19055.000000
-18942.000000
-19194.000000
-19211.000000
-19243.000000
-19211.000000
-19059.000000
-19061.000000
-19246.000000
-19194.000000
-19189.000000
-19221.000000
-19231.000000
-19216.000000
-19126.000000
-19066.000000
-19238.000000
-19150.000000
-19131.000000
-19207.000000
-19218.000000
-19057.000000
-19189.000000
-19197.000000
-19185.000000
-19036.000000
-19071.000000
-19203.000000
-19204.000000
-19232.000000
-19242.000000
-19045.000000
-19210.000000
-19189.000000
-19086.000000
-19183.000000
-19198.000000
-19194.000000
-19225.000000
-19082.000000
-18974.000000
-19215.000000
-19139.000000
-19038.000000
-19212.000000
-19063.000000
-19227.000000
-19189.000000
-19094.000000
-19215.000000
-19047.000000
-19188.000000
-19212.000000
-19210.000000
-19185.000000
-19196.000000
-19061.000000
-19046.000000
-19227.000000
-19192.000000
-19078.000000
-19200.000000
-19183.000000
-19229.000000
-19228.000000
-19177.000000
-19222.000000
-19211.000000
-19174.000000
-19194.000000
-19183.000000
-19097.000000
-19126.000000
-19178.000000
-19206.000000
-19066.000000
-19044.000000
-19215.000000
-19083.000000
-19150.000000
-19227.000000
-19031.000000
-19159.000000
-19125.000000
-19088.000000
-19027.000000
-19199.000000
-19185.000000
-19193.000000
-19201.000000
-19191.000000
-19083.000000
-19045.000000
-19132.000000
-19099.000000
-19217.000000
-19039.000000
-19137.000000
-19098.000000
-19055.000000
-19210.000000
-19217.000000
-18979.000000
-19209.000000
-19183.000000
-19229.000000
-19187.000000
-19209.000000
-19038.000000
-19237.000000
-19171.000000
-19135.000000
-19166.000000
-19241.000000
-19224.000000
-19183.000000
-19228.000000
-19133.000000
-19133.000000
-19081.000000
-19158.000000
-19144.000000
-19179.000000
-18957.000000
-19131.000000
-19188.000000
-19226.000000
-19229.000000
-19177.000000
-19073.000000
-19216.000000
-19184.000000
-18958.000000
-19230.000000
-19137.000000
-19185.000000
-19060.000000
-19069.000000
-18968.000000
-19206.000000
-19211.000000
-19078.000000
-19207.000000
-19175.000000
-19088.000000
-19121.000000
-19054.000000
-19227.000000
-19123.000000
-19225.000000
-19060.000000
-19191.000000
-19050.000000
-19190.000000
-19065.000000
-19076.000000
-19091.000000
-19139.000000
-19237.000000
-19122.000000
-19189.000000
-19205.000000
-19225.000000
-19198.000000
-19201.000000
-19214.000000
-19233.000000
-19059.000000
-19064.000000
-19233.000000
-19221.000000
-19192.000000
-19076.000000
-19174.000000
-19040.000000
-19077.000000
-19240.000000
-19086.000000
-19180.000000
-19183.000000
-19072.000000
-19036.000000
-19127.000000
-19068.000000
-19206.000000
-19117.000000
-19235.000000
-19224.000000
-19238.000000
-19132.000000
-18938.000000
-19172.000000
-19222.000000
-19186.000000
-19088.000000
-19061.000000
-19220.000000
-19101.000000
-19210.000000
-19140.000000
-19175.000000
-19171.000000
-19220.000000
-19219.000000
-19110.000000
-19098.000000
-19083.000000
-19144.000000
-19228.000000
-19139.000000
-18952.000000
-19210.000000
-19032.000000
-19212.000000
-19198.000000
-18938.000000
-19109.000000
-19217.000000
-19128.000000
-19149.000000
-19185.000000
-19171.000000
-19200.000000
-19219.000000
-19100.000000
-19202.000000
-18986.000000
-19099.000000
-19230.000000
-19203.000000
-19156.000000
-19140.000000
-19228.000000
-19031.000000
-19226.000000
-19212.000000
-19234.000000
-19204.000000
-19212.000000
-19217.000000
-19233.000000
-19071.000000
-19205.000000
-19078.000000
-19238.000000
-19083.000000
-19159.000000
-19210.000000
-19202.000000
-18994.000000
-19221.000000
-19225.000000
-19220.000000
-19117.000000
-19197.000000
-19130.000000
-19146.000000
-19233.000000
-19141.000000
-19214.000000
-19062.000000
-19201.000000
-19182.000000
-19058.000000
-19140.000000
-19184.000000
-19221.000000
-19186.000000
-19203.000000
-19188.000000
-19152.000000
-19203.000000
-19227.000000
-19179.000000
-19172.000000
-19230.000000
-19192.000000
-19226.000000
-19092.000000
-19223.000000
-19106.000000
-19191.000000
-19195.000000
-19216.000000
-19188.000000
-19196.000000
-19235.000000
-19191.000000
-19224.000000
-19147.000000
-19072.000000
-19225.000000
-19213.000000
-19214.000000
-19186.000000
-19221.000000
-19223.000000
-19224.000000
-19103.000000
-19144.000000
-19079.000000
-19210.000000
-19194.000000
-19210.000000
-19193.000000
-18948.000000
-19035.000000
-19230.000000
-19126.000000
-19201.000000
-19190.000000
-19245.000000
-19180.000000
-19237.000000
-19202.000000
-19051.000000
-19194.000000
-19221.000000
-19193.000000
-19094.000000
-19082.000000
-19213.000000
-19191.000000
-19250.000000
-19211.000000
-18941.000000
-19104.000000
-19241.000000
-19189.000000
-19220.000000
-18972.000000
-19105.000000
-19030.000000
-19132.000000
-19209.000000
-19001.000000
-19179.000000
-19228.000000
-19196.000000
-19184.000000
-19078.000000
-19242.000000
-19209.000000
-19065.000000
-19220.000000
-19108.000000
-19218.000000
-19071.000000
-19185.000000
-19188.000000
-19218.000000
-19095.000000
-19025.000000
-19240.000000
-19000.000000
-18943.000000
-19199.000000
-19071.000000
-19185.000000
-19233.000000
-19218.000000
-18998.000000
-19214.000000
-19101.000000
-19058.000000
-19115.000000
-19182.000000
-19250.000000
-18988.000000
-18956.000000
-19208.000000
-19208.000000
-19061.000000
-19198.000000
-19133.000000
-19210.000000
-19058.000000
-19223.000000
-19220.000000
-19205.000000
-19191.000000
-19103.000000
-19202.000000
-19143.000000
-19100.000000
-19015.000000
-19031.000000
-19189.000000
-18992.000000
-19137.000000
-19203.000000
-19196.000000
-19221.000000
-19169.000000
-19063.000000
-19153.000000
-19077.000000
-19133.000000
-19154.000000
-18950.000000
-19230.000000
-19097.000000
-18973.000000
-19224.000000
-19208.000000
-18990.000000
-19071.000000
-19199.000000
-19235.000000
-19149.000000
-18987.000000
-19173.000000
-19197.000000
-19136.000000
-19113.000000
-19074.000000
-19118.000000
-19182.000000
-19048.000000
-19055.000000
-19210.000000
-19235.000000
-18941.000000
-19217.000000
-19095.000000
-19131.000000
-19121.000000
-19173.000000
-19117.000000
-19221.000000
-19207.000000
-19222.000000
-19133.000000
-19104.000000
-19188.000000
-19081.000000
-19066.000000
-19066.000000
-19198.000000
-19219.000000
-19205.000000
-19077.000000
-19211.000000
-19201.000000
-19211.000000
-19138.000000
-19139.000000
-19209.000000
-19203.000000
-19019.000000
-19222.000000
-19217.000000
-19220.000000
-19114.000000
-19209.000000
-19039.000000
-19095.000000
-19182.000000
-19079.000000
-19068.000000
-19221.000000
-19213.000000
-19141.000000
-19091.000000
-19163.000000
-19175.000000
-19232.000000
-19231.000000
-19029.000000
-19200.000000
-19236.000000
-19178.000000
-19197.000000
-19205.000000
-19142.000000
-19187.000000
-19211.000000
-19116.000000
-19209.000000
-19216.000000
-19067.000000
-19184.000000
-19213.000000
-19153.000000
-19232.000000
-19096.000000
-19057.000000
-19083.000000
-19236.000000
-19193.000000
-19210.000000
-19240.000000
-19074.000000
-19060.000000
-19232.000000
-19030.000000
-19208.000000
-19090.000000
-19228.000000
-19224.000000
-19213.000000
-19221.000000
-19197.000000
-19211.000000
-19220.000000
-19192.000000
-19178.000000
-19065.000000
-19096.000000
-18982.000000
-19144.000000
-19178.000000
-19016.000000
-19048.000000
-19203.000000
-19234.000000
-19194.000000
-19079.000000
-19189.000000
-19180.000000
-19093.000000
-19060.000000
-19200.000000
-19079.000000
-19072.000000
-19205.000000
-19044.000000
-19126.000000
-19132.000000
-19222.000000
-19209.000000
-19181.000000
-19078.000000
-19100.000000
-19211.000000
-19198.000000
-19061.000000
-19214.000000
-19171.000000
-19132.000000
-19209.000000
-19217.000000
-19214.000000
-19172.000000
-19223.000000
-19094.000000
-19141.000000
-19144.000000
-19058.000000
-19134.000000
-19162.000000
-19131.000000
-19060.000000
-19168.000000
-18971.000000
-19199.000000
-19134.000000
-19095.000000
-19197.000000
-19224.000000
-19028.000000
-19144.000000
-19094.000000
-19043.000000
-19182.000000
-19230.000000
-19220.000000
-19215.000000
-19223.000000
-19211.000000
-19218.000000
-19227.000000
-19200.000000
-19201.000000
-19222.000000
-19155.000000
-19128.000000
-19098.000000
-18983.000000
-18978.000000
-19199.000000
-19180.000000
-19201.000000
-19225.000000
-19145.000000
-19106.000000
-19203.000000
-19162.000000
-19173.000000
-19201.000000
-19077.000000
-19184.000000
-19203.000000
-19235.000000
-19238.000000
-19132.000000
-19256.000000
-19069.000000
-19229.000000
-19224.000000
-19022.000000
-19249.000000
-19225.000000
-19071.000000
-19228.000000
-19191.000000
-19241.000000
-19195.000000
-19076.000000
-19161.000000
-19253.000000
-19202.000000
-19144.000000
-19084.000000
-19185.000000
-19221.000000
-19222.000000
-19249.000000
-19176.000000
-19210.000000
-19128.000000
-19217.000000
-19174.000000
-19231.000000
-19089.000000
-18977.000000
-18969.000000
-19085.000000
-19049.000000
-19018.000000
-19195.000000
-19200.000000
-19221.000000
-19062.000000
-19223.000000
-19158.000000
-19215.000000
-19216.000000
-19155.000000
-19034.000000
-19218.000000
-19170.000000
-19216.000000
-18970.000000
-19116.000000
-19238.000000
-19229.000000
-19224.000000
-19221.000000
-19156.000000
-19210.000000
-19201.000000
-19116.000000
-19120.000000
-19105.000000
-19226.000000
-18985.000000
-19193.000000
-19227.000000
-19183.000000
-19036.000000
-19097.000000
-19202.000000
-19216.000000
-19123.000000
-19206.000000
-19114.000000
-19192.000000
-19135.000000
-19013.000000
-19233.000000
-19090.000000
-19227.000000
-19190.000000
-19210.000000
-19067.000000
-19148.000000
-19195.000000
-19104.000000
-19227.000000
-19137.000000
-19105.000000
-19217.000000
-19178.000000
-19082.000000
-19122.000000
-19224.000000
-19147.000000
-19215.000000
-19199.000000
-19192.000000
-19080.000000
-19129.000000
-19191.000000
-19217.000000
-19186.000000
-19145.000000
-18985.000000
-19184.000000
-19239.000000
-19098.000000
-19233.000000
-19229.000000
-19079.000000
-19076.000000
-19063.000000
-19205.000000
-19084.000000
-19217.000000
-19074.000000
-19172.000000
-19183.000000
-19209.000000
-19132.000000
-19237.000000
-19046.000000
-19215.000000
-19193.000000
-19140.000000
-19213.000000
-19190.000000
-19222.000000
-19036.000000
-19218.000000
-19238.000000
-18987.000000
-19182.000000
-19231.000000
-19108.000000
-19146.000000
-19228.000000
-19218.000000
-19205.000000
-19235.000000
-19204.000000
-19211.000000
-19225.000000
-19170.000000
-19183.000000
-19201.000000
-19184.000000
-19185.000000
-19198.000000
-19228.000000
-19203.000000
-19100.000000
-19223.000000
-19062.000000
-19220.000000
-19026.000000
-19033.000000
-19200.000000
-18970.000000
-19217.000000
-19203.000000
-19191.000000
-19189.000000
-19237.000000
-19220.000000
-19208.000000
-19105.000000
-19251.000000
-19216.000000
-19224.000000
-19100.000000
-19224.000000
-19177.000000
-19203.000000
-19070.000000
-19076.000000
-19159.000000
-19140.000000
-19135.000000
-19090.000000
-19226.000000
-19202.000000
-19237.000000
-19187.000000
-19086.000000
-19195.000000
-19189.000000
-19225.000000
-19209.000000
-19147.000000
-19160.000000
-19055.000000
-19236.000000
-19067.000000
-19149.000000
-19213.000000
-18985.000000
-19224.000000
-19034.000000
-19202.000000
-19207.000000
-19101.000000
-19182.000000
-19211.000000
-19211.000000
-19219.000000
-19113.000000
-19184.000000
-19128.000000
-19204.000000
-19236.000000
-19200.000000
-19235.000000
-19103.000000
-19194.000000
-19204.000000
-19204.000000
-19046.000000
-19069.000000
-18954.000000
-19051.000000
-18944.000000
-18969.000000
-19134.000000
-19077.000000
-19178.000000
-19148.000000
-19177.000000
-19194.000000
-19031.000000
-19242.000000
-18991.000000
-19230.000000
-19217.000000
-19118.000000
-19050.000000
-19173.000000
-19085.000000
-19079.000000
-19237.000000
-19233.000000
-19046.000000
-19202.000000
-19232.000000
-19183.000000
-19178.000000
-19183.000000
-19070.000000
-19233.000000
-19218.000000
-19220.000000
-19062.000000
-19094.000000
-19050.000000
-19168.000000
-19236.000000
-19194.000000
-19203.000000
-19224.000000
-19215.000000
-19202.000000
-19058.000000
-18970.000000
-19178.000000
-19076.000000
-19173.000000
-19123.000000
-19195.000000
-19226.000000
-19209.000000
-19217.000000
-19060.000000
-19183.000000
-19216.000000
-19126.000000
-19105.000000
-19080.000000
-19209.000000
-19196.000000
-19208.000000
-19235.000000
-19055.000000
-19201.000000
-19115.000000
-19206.000000
-19061.000000
-19108.000000
-19217.000000
-19197.000000
-19225.000000
-19186.000000
-19135.000000
-18950.000000
-19234.000000
-19139.000000
-19222.000000
-19112.000000
-19221.000000
-19228.000000
-19242.000000
-19227.000000
-19123.000000
-19163.000000
-19085.000000
-19203.000000
-19202.000000
-19066.000000
-19189.000000
-19227.000000
-19089.000000
-19007.000000
-18986.000000
-19217.000000
-19095.000000
-19236.000000
-19210.000000
-19200.000000
-19080.000000
-19228.000000
-19217.000000
-19133.000000
-19206.000000
-19081.000000
-19219.000000
-18946.000000
-19177.000000
-19123.000000
-19232.000000
-19184.000000
-19212.000000
-19197.000000
-19228.000000
-19225.000000
-19246.000000
-19098.000000
-19201.000000
-19230.000000
-19221.000000
-19207.000000
-19225.000000
-19227.000000
-19225.000000
-19117.000000
-19153.000000
-19238.000000
-19189.000000
-19142.000000
-19215.000000
-19195.000000
-19219.000000
-19234.000000
-19102.000000
-19087.000000
-19214.000000
-19203.000000
-19095.000000
-19195.000000
-19181.000000
-19228.000000
-19067.000000
-19118.000000
-19198.000000
-19236.000000
-19000.000000
-19139.000000
-19044.000000
-19143.000000
-19047.000000
-19104.000000
-19202.000000
-19084.000000
-19083.000000
-19211.000000
-19213.000000
-19122.000000
-19135.000000
-19220.000000
-19119.000000
-19135.000000
-19189.000000
-19124.000000
-19180.000000
-19211.000000
-19220.000000
-19229.000000
-19185.000000
-19220.000000
-19179.000000
-19217.000000
-19159.000000
-19164.000000
-19217.000000
-19087.000000
-19204.000000
-19182.000000
-18988.000000
-19198.000000
-19224.000000
-19221.000000
-19227.000000
-19134.000000
-19217.000000
-19211.000000
-19239.000000
-19230.000000
-19075.000000
-19143.000000
-19065.000000
-19241.000000
-19124.000000
-19234.000000
-19213.000000
-19232.000000
-19041.000000
-19213.000000
-19191.000000
-19223.000000
-19211.000000
-19149.000000
-19210.000000
-19108.000000
-19051.000000
-19059.000000
-19031.000000
-19231.000000
-19215.000000
-19180.000000
-19195.000000
-19140.000000
-19216.000000
-19219.000000
-19076.000000
-19082.000000
-19187.000000
-19233.000000
-19069.000000
-19060.000000
-19083.000000
-19183.000000
-19171.000000
-19204.000000
-19225.000000
-18968.000000
-19058.000000
-19071.000000
-19227.000000
-19202.000000
-19226.000000
-19134.000000
-19149.000000
-19222.000000
-19199.000000
-19221.000000
-19227.000000
-19199.000000
-19209.000000
-19042.000000
-19223.000000
-19185.000000
-19208.000000
-19200.000000
-19204.000000
-19225.000000
-19099.000000
-19095.000000
-19061.000000
-19229.000000
-19205.000000
-19103.000000
-19193.000000
-19044.000000
-19233.000000
-19064.000000
-19232.000000
-19141.000000
-19066.000000
-19178.000000
-19188.000000
-19206.000000
-19079.000000
-19184.000000
-19064.000000
-19230.000000
-19222.000000
-19073.000000
-19184.000000
-19223.000000
-19221.000000
-18989.000000
-19126.000000
-19209.000000
-19220.000000
-19234.000000
-19234.000000
-19141.000000
-19046.000000
-19232.000000
-19212.000000
-19075.000000
-19044.000000
-19205.000000
-19147.000000
-19228.000000
-19214.000000
-19207.000000
-19218.000000
-19187.000000
-19166.000000
-19109.000000
-19175.000000
-19232.000000
-19205.000000
-19145.000000
-19171.000000
-19222.000000
-19082.000000
-19218.000000
-19173.000000
-19158.000000
-19232.000000
-19219.000000
-19137.000000
-19207.000000
-19138.000000
-19235.000000
-19212.000000
-19211.000000
-19237.000000
-19057.000000
-19094.000000
-19220.000000
-19085.000000
-19239.000000
-19228.000000
-19222.000000
-19177.000000
-19224.000000
-19223.000000
-19228.000000
-19197.000000
-19232.000000
-19207.000000
-19178.000000
-19189.000000
-19230.000000
-19063.000000
-19217.000000
-18965.000000
-19236.000000
-19141.000000
-19187.000000
-19219.000000
-19225.000000
-19199.000000
-19136.000000
-19194.000000
-19114.000000
-19241.000000
-19133.000000
-19203.000000
-19047.000000
-19149.000000
-19124.000000
-19205.000000
-19130.000000
-19204.000000
-19197.000000
-19079.000000
-19033.000000
-19134.000000
-19025.000000
-19211.000000
-19203.000000
-19220.000000
-19203.000000
-19127.000000
-18996.000000
-19142.000000
-19209.000000
-19157.000000
-19231.000000
-19214.000000
-19125.000000
-19191.000000
-19071.000000
-18984.000000
-19204.000000
-19220.000000
-19218.000000
-19238.000000
-19193.000000
-19117.000000
-19113.000000
-19148.000000
-19175.000000
-18998.000000
-19175.000000
-19251.000000
-19026.000000
-19221.000000
-19183.000000
-19207.000000
-19021.000000
-19052.000000
-19185.000000
-19205.000000
-19128.000000
-19236.000000
-19174.000000
-18985.000000
-19234.000000
-19080.000000
-18982.000000
-19217.000000
-19237.000000
-19190.000000
-19158.000000
-19102.000000
-19217.000000
-19201.000000
-18972.000000
-19108.000000
-19237.000000
-19181.000000
-19203.000000
-19077.000000
-19200.000000
-19071.000000
-18966.000000
-19092.000000
-19239.000000
-19201.000000
-19210.000000
-19208.000000
-19193.000000
-18937.000000
-19068.000000
-19127.000000
-19192.000000
-19213.000000
-19190.000000
-19184.000000
-19231.000000
-19229.000000
-19178.000000
-19184.000000
-19074.000000
-19081.000000
-19215.000000
-19194.000000
-19062.000000
-18974.000000
-19222.000000
-19132.000000
-19243.000000
-19223.000000
-19240.000000
-19177.000000
-19220.000000
-19201.000000
-19207.000000
-19094.000000
-19223.000000
-19211.000000
-19042.000000
-19132.000000
-19075.000000
-19065.000000
-19169.000000
-19027.000000
-19089.000000
-19192.000000
-19224.000000
-19117.000000
-19080.000000
-19239.000000
-19254.000000
-19246.000000
-19092.000000
-19189.000000
-19198.000000
-19173.000000
-19223.000000
-19124.000000
-19220.000000
-19208.000000
-19107.000000
-19225.000000
-19033.000000
-18989.000000
-19219.000000
-19117.000000
-19225.000000
-19208.000000
-19138.000000
-19233.000000
-19098.000000
-19137.000000
-19170.000000
-19217.000000
-19208.000000
-19197.000000
-19198.000000
-19208.000000
-18965.000000
-19051.000000
-19048.000000
-19066.000000
-19198.000000
-19205.000000
-19171.000000
-19211.000000
-19230.000000
-19202.000000
-19196.000000
-18988.000000
-19225.000000
-19216.000000
-19052.000000
-19184.000000
-19094.000000
-19204.000000
-19210.000000
-19208.000000
-19219.000000
-19062.000000
-19185.000000
-19070.000000
-19192.000000
-19230.000000
-19203.000000
-19219.000000
-19077.000000
-19250.000000
-18679.000000
-19081.000000
-19190.000000
-19241.000000
-19034.000000
-19207.000000
-19216.000000
-19214.000000
-19203.000000
-19167.000000
-19223.000000
-19217.000000
-19230.000000
-19230.000000
-19221.000000
-19209.000000
-19217.000000
-19186.000000
-19223.000000
-19067.000000
-19210.000000
-19200.000000
-19076.000000
-19203.000000
-19182.000000
-19205.000000
-19226.000000
-19218.000000
-19175.000000
-19236.000000
-19228.000000
-19063.000000
-19082.000000
-19091.000000
-19080.000000
-19197.000000
-19154.000000
-19210.000000
-19087.000000
-19228.000000
-19188.000000
-19203.000000
-19203.000000
-19228.000000
-19042.000000
-19178.000000
-19189.000000
-19155.000000
-19206.000000
-19178.000000
-19059.000000
-19075.000000
-19241.000000
-19214.000000
-19117.000000
-19225.000000
-19216.000000
-19082.000000
-19176.000000
-19146.000000
-19222.000000
-19228.000000
-19213.000000
-19003.000000
-19204.000000
-18987.000000
-18214.000000
-19097.000000
-19211.000000
-19187.000000
-19200.000000
-19165.000000
-19090.000000
-19220.000000
-19176.000000
-19221.000000
-18979.000000
-19184.000000
-19199.000000
-19135.000000
-19218.000000
-19208.000000
-19113.000000
-19224.000000
-19180.000000
-18953.000000
-19177.000000
-19232.000000
-19203.000000
-19176.000000
-19224.000000
-19130.000000
-19130.000000
-19191.000000
-19145.000000
-19054.000000
-19206.000000
-19221.000000
-19067.000000
-19236.000000
-19213.000000
-19082.000000
-19171.000000
-19163.000000
-19204.000000
-19192.000000
-19188.000000
-19211.000000
-19186.000000
-19179.000000
-19136.000000
-19169.000000
-19209.000000
-19059.000000
-19085.000000
-19240.000000
-19171.000000
-19076.000000
-19084.000000
-19239.000000
-19230.000000
-19067.000000
-19079.000000
-19186.000000
-19192.000000
-19132.000000
-19202.000000
-19178.000000
-19203.000000
-19101.000000
-19067.000000
-19210.000000
-19054.000000
-19085.000000
-19047.000000
-19128.000000
-19190.000000
-19198.000000
-19237.000000
-18975.000000
-19225.000000
-19120.000000
-19118.000000
-19078.000000
-19205.000000
-19214.000000
-19130.000000
-19052.000000
-19086.000000
-19218.000000
-19208.000000
-19118.000000
-19140.000000
-19233.000000
-19225.000000
-19220.000000
-19107.000000
-19116.000000
-19134.000000
-19225.000000
-19137.000000
-19198.000000
-19093.000000
-19108.000000
-19054.000000
-19211.000000
-19230.000000
-19082.000000
-19139.000000
-19179.000000
-19073.000000
-19216.000000
-19087.000000
-19185.000000
-19238.000000
-19168.000000
-19208.000000
-19082.000000
-19230.000000
-19190.000000
-19221.000000
-19066.000000
-19077.000000
-19052.000000
-19220.000000
-19175.000000
-19140.000000
-18987.000000
-19042.000000
-19236.000000
-19206.000000
-19211.000000
-19042.000000
-19068.000000
-19218.000000
-19078.000000
-19161.000000
-19239.000000
-19218.000000
-19218.000000
-19072.000000
-19084.000000
-19162.000000
-19231.000000
-19226.000000
-19231.000000
-19171.000000
-19180.000000
-18942.000000
-18990.000000
-19130.000000
-19210.000000
-19081.000000
-19189.000000
-19125.000000
-19192.000000
-19087.000000
-19121.000000
-19155.000000
-19187.000000
-19203.000000
-19196.000000
-19149.000000
-19040.000000
-19060.000000
-19230.000000
-19079.000000
-19215.000000
-19225.000000
-19148.000000
-19094.000000
-19237.000000
-19195.000000
-19211.000000
-19069.000000
-19098.000000
-19166.000000
-19194.000000
-19073.000000
-19205.000000
-19220.000000
-19234.000000
-19089.000000
-19130.000000
-19169.000000
-19219.000000
-19029.000000
-19214.000000
-19181.000000
-19058.000000
-19185.000000
-19135.000000
-19117.000000
-19213.000000
-19211.000000
-19200.000000
-19018.000000
-19140.000000
-19126.000000
-19210.000000
-19205.000000
-19222.000000
-19219.000000
-19069.000000
-19234.000000
-18969.000000
-18981.000000
-18993.000000
-19185.000000
-19209.000000
-19200.000000
-19211.000000
-19198.000000
-19129.000000
-19215.000000
-19224.000000
-18975.000000
-19047.000000
-19218.000000
-19126.000000
-19207.000000
-19198.000000
-18965.000000
-19145.000000
-19127.000000
-19230.000000
-19231.000000
-18990.000000
-19225.000000
-19223.000000
-18969.000000
-19128.000000
-19228.000000
-19198.000000
-19193.000000
-19119.000000
-19115.000000
-19214.000000
-19118.000000
-19191.000000
-19135.000000
-19081.000000
-19092.000000
-19151.000000
-19226.000000
-18971.000000
-19048.000000
-19098.000000
-19208.000000
-19139.000000
-19244.000000
-19133.000000
-18956.000000
-19092.000000
-19212.000000
-19238.000000
-19245.000000
-19133.000000
-19066.000000
