Minimum Energy : -19291 
Total Variables : 319 
Minimum elemenet of the QUBO : -3967 
Maximum elemenet of the QUBO : 4096 
Total Pixels to perturb : 32 
Pixels perturbed : [77, 3, 7, 8, 21, 9, 10, 11, 12, 22, 32, 33, 43, 44, 55, 66, 1, 88, 99, 108, 109, 110, 111, 112, 113, 115, 116, 117, 118, 119, 120, 0] 
Input to perturb : tensor([0., 0., 0., 0., 0., 0., 0., 0., 0., 0., 0., 0., 0., 0., 0., 0., 0., 0.,
        1., 0., 0., 0., 0., 0., 0., 0., 0., 0., 1., 1., 0., 0., 0., 0., 0., 0.,
        0., 0., 1., 1., 0., 0., 0., 0., 0., 0., 0., 0., 0., 1., 1., 0., 0., 0.,
        0., 0., 0., 0., 0., 0., 1., 0., 0., 0., 0., 0., 0., 0., 0., 0., 1., 1.,
        0., 0., 0., 0., 0., 0., 0., 0., 0., 1., 1., 0., 0., 0., 0., 0., 0., 0.,
        0., 1., 1., 0., 0., 0., 0., 0., 0., 0., 0., 0., 0., 1., 0., 0., 0., 0.,
        0., 0., 0., 0., 0., 0., 0., 0., 0., 0., 0., 0., 0., 0., 0., 0., 0., 0.,
        0.]) 
Label to perturb : 1.0 
Epsilon : 32 
Perturbation Bound Constriant included : True 
