-15848.000000
-15894.000000
-15890.000000
-15475.000000
-15883.000000
-15860.000000
-15879.000000
-15503.000000
-15862.000000
-15819.000000
-15886.000000
-15485.000000
-15344.000000
-15755.000000
-15886.000000
-15891.000000
-15884.000000
-15881.000000
-15888.000000
-15858.000000
-15884.000000
-15878.000000
-15888.000000
-15875.000000
-15835.000000
-15748.000000
-15888.000000
-15899.000000
-15713.000000
-15876.000000
-15871.000000
-15890.000000
-15881.000000
-15859.000000
-15849.000000
-15589.000000
-15890.000000
-15859.000000
-15883.000000
-15842.000000
-15853.000000
-15883.000000
-15888.000000
-15872.000000
-15886.000000
-15894.000000
-15890.000000
-15855.000000
-15889.000000
-15885.000000
-15876.000000
-15686.000000
-15765.000000
-15879.000000
-15678.000000
-15877.000000
-15873.000000
-15882.000000
-15899.000000
-15880.000000
-15883.000000
-15880.000000
-15887.000000
-15714.000000
-15748.000000
-15886.000000
-15864.000000
-15885.000000
-15879.000000
-15879.000000
-15879.000000
-15893.000000
-15846.000000
-15856.000000
-15888.000000
-15894.000000
-15867.000000
-15889.000000
-15880.000000
-15886.000000
-15890.000000
-15875.000000
-15886.000000
-15752.000000
-15872.000000
-15824.000000
-15851.000000
-15877.000000
-15735.000000
-15894.000000
-15769.000000
-15875.000000
-15821.000000
-15879.000000
-15381.000000
-15858.000000
-15884.000000
-15891.000000
-15820.000000
-15839.000000
-15685.000000
-15884.000000
-15815.000000
-15870.000000
-15716.000000
-15849.000000
-15892.000000
-15851.000000
-15878.000000
-15883.000000
-15681.000000
-15660.000000
-15866.000000
-15885.000000
-15745.000000
-15882.000000
-15747.000000
-15827.000000
-15866.000000
-15895.000000
-15896.000000
-15886.000000
-15882.000000
-15879.000000
-15889.000000
-15857.000000
-15137.000000
-15883.000000
-15898.000000
-15885.000000
-15895.000000
-15687.000000
-15905.000000
-15887.000000
-15856.000000
-15894.000000
-15669.000000
-15888.000000
-15879.000000
-15862.000000
-15869.000000
-15876.000000
-15875.000000
-15878.000000
-15890.000000
-15882.000000
-15872.000000
-15879.000000
-15876.000000
-15872.000000
-15878.000000
-15880.000000
-15868.000000
-15692.000000
-15883.000000
-15720.000000
-15814.000000
-15879.000000
-15882.000000
-15823.000000
-15880.000000
-15848.000000
-15886.000000
-15874.000000
-15884.000000
-15628.000000
-15882.000000
-15868.000000
-15867.000000
-15869.000000
-15810.000000
-15684.000000
-15883.000000
-15883.000000
-15881.000000
-15890.000000
-15892.000000
-15407.000000
-15814.000000
-15883.000000
-15893.000000
-15878.000000
-15781.000000
-15880.000000
-15859.000000
-15856.000000
-15878.000000
-15873.000000
-15875.000000
-15885.000000
-15868.000000
-15881.000000
-15880.000000
-15852.000000
-15887.000000
-15889.000000
-15878.000000
-15896.000000
-15889.000000
-15728.000000
-15854.000000
-15884.000000
-15874.000000
-15726.000000
-15868.000000
-15876.000000
-15878.000000
-15886.000000
-15720.000000
-15891.000000
-15888.000000
-15653.000000
-15679.000000
-15889.000000
-15876.000000
-15883.000000
-15671.000000
-15895.000000
-15880.000000
-15400.000000
-15873.000000
-15897.000000
-15617.000000
-15829.000000
-15868.000000
-15897.000000
-15812.000000
-15883.000000
-15888.000000
-15850.000000
-15879.000000
-15803.000000
-15862.000000
-15821.000000
-15869.000000
-15868.000000
-15881.000000
-15852.000000
-15874.000000
-15888.000000
-15874.000000
-15575.000000
-15886.000000
-15695.000000
-15840.000000
-15719.000000
-15890.000000
-15855.000000
-15741.000000
-15761.000000
-15842.000000
-15853.000000
-15894.000000
-15881.000000
-15834.000000
-15879.000000
-15888.000000
-15889.000000
-15864.000000
-15729.000000
-15873.000000
-15823.000000
-15883.000000
-15849.000000
-15860.000000
-15879.000000
-15889.000000
-15847.000000
-15871.000000
-15609.000000
-15876.000000
-15887.000000
-15869.000000
-15880.000000
-15875.000000
-15884.000000
-15890.000000
-15884.000000
-15426.000000
-15878.000000
-15741.000000
-15902.000000
-15863.000000
-15753.000000
-15751.000000
-15873.000000
-15856.000000
-15869.000000
-15881.000000
-15889.000000
-15874.000000
-15733.000000
-15892.000000
-15742.000000
-15864.000000
-15888.000000
-15882.000000
-15885.000000
-15863.000000
-15737.000000
-15835.000000
-15887.000000
-15878.000000
-15861.000000
-15868.000000
-15852.000000
-15884.000000
-15889.000000
-15866.000000
-15854.000000
-15838.000000
-15886.000000
-15689.000000
-15886.000000
-15865.000000
-15874.000000
-15841.000000
-15894.000000
-15885.000000
-15849.000000
-15884.000000
-15884.000000
-15882.000000
-15874.000000
-15753.000000
-15482.000000
-15834.000000
-15843.000000
-15870.000000
-15884.000000
-15894.000000
-15888.000000
-15620.000000
-15836.000000
-15796.000000
-15878.000000
-15888.000000
-15869.000000
-15887.000000
-15717.000000
-15877.000000
-15882.000000
-15264.000000
-15883.000000
-15867.000000
-15882.000000
-15834.000000
-15875.000000
-15246.000000
-15891.000000
-15904.000000
-15868.000000
-15851.000000
-15883.000000
-15742.000000
-15884.000000
-15865.000000
-15893.000000
-15884.000000
-15322.000000
-15888.000000
-15890.000000
-15744.000000
-15871.000000
-15435.000000
-15882.000000
-15726.000000
-15891.000000
-15887.000000
-15876.000000
-15839.000000
-15879.000000
-15884.000000
-15895.000000
-15471.000000
-15388.000000
-15895.000000
-15617.000000
-15883.000000
-15866.000000
-15896.000000
-15872.000000
-15887.000000
-15865.000000
-15885.000000
-15767.000000
-15864.000000
-15866.000000
-15890.000000
-15881.000000
-15841.000000
-15760.000000
-15886.000000
-15883.000000
-15894.000000
-15881.000000
-15885.000000
-15872.000000
-15871.000000
-15884.000000
-15887.000000
-15864.000000
-15862.000000
-15846.000000
-15879.000000
-15840.000000
-15827.000000
-15843.000000
-15892.000000
-15746.000000
-15797.000000
-15883.000000
-15718.000000
-15874.000000
-15638.000000
-15887.000000
-15859.000000
-15885.000000
-15889.000000
-15869.000000
-15880.000000
-15838.000000
-15877.000000
-15888.000000
-15590.000000
-15873.000000
-14974.000000
-15858.000000
-15839.000000
-15842.000000
-15409.000000
-15865.000000
-15193.000000
-15861.000000
-15877.000000
-15886.000000
-15728.000000
-15865.000000
-15877.000000
-15887.000000
-15873.000000
-15888.000000
-15511.000000
-15878.000000
-15757.000000
-15880.000000
-15877.000000
-15745.000000
-15887.000000
-15876.000000
-15863.000000
-15879.000000
-15736.000000
-15463.000000
-15870.000000
-15888.000000
-15871.000000
-15867.000000
-15888.000000
-15870.000000
-15862.000000
-15883.000000
-15874.000000
-15886.000000
-15898.000000
-15882.000000
-15865.000000
-15885.000000
-15866.000000
-15851.000000
-15872.000000
-15891.000000
-15708.000000
-15879.000000
-15887.000000
-15829.000000
-15885.000000
-15886.000000
-15799.000000
-15894.000000
-15856.000000
-15881.000000
-15883.000000
-15850.000000
-15848.000000
-15836.000000
-15894.000000
-15886.000000
-15750.000000
-15900.000000
-15874.000000
-15879.000000
-15728.000000
-15711.000000
-15627.000000
-15881.000000
-15890.000000
-15886.000000
-15851.000000
-15893.000000
-15889.000000
-15898.000000
-15886.000000
-15882.000000
-15894.000000
-15865.000000
-15878.000000
-15893.000000
-15725.000000
-15880.000000
-15869.000000
-15877.000000
-15888.000000
-15882.000000
-15395.000000
-15872.000000
-15866.000000
-15878.000000
-15881.000000
-15882.000000
-15873.000000
-15885.000000
-15879.000000
-15856.000000
-15874.000000
-15887.000000
-15885.000000
-15756.000000
-15871.000000
-15745.000000
-15884.000000
-15884.000000
-15889.000000
-15894.000000
-15660.000000
-15583.000000
-15853.000000
-15897.000000
-15867.000000
-15874.000000
-15845.000000
-15813.000000
-15879.000000
-15688.000000
-15890.000000
-15892.000000
-15885.000000
-15880.000000
-15875.000000
-15887.000000
-15869.000000
-15866.000000
-15895.000000
-15880.000000
-15887.000000
-15878.000000
-15869.000000
-15655.000000
-15880.000000
-15687.000000
-15881.000000
-15877.000000
-15724.000000
-15883.000000
-15885.000000
-15878.000000
-15540.000000
-15881.000000
-15829.000000
-15838.000000
-15850.000000
-15717.000000
-15883.000000
-15767.000000
-15876.000000
-15891.000000
-15820.000000
-15892.000000
-15882.000000
-15883.000000
-15880.000000
-15595.000000
-15729.000000
-15601.000000
-15889.000000
-15889.000000
-15881.000000
-15904.000000
-15895.000000
-15865.000000
-15890.000000
-15877.000000
-15898.000000
-15875.000000
-15871.000000
-15879.000000
-15856.000000
-15870.000000
-15863.000000
-15854.000000
-15855.000000
-15885.000000
-15885.000000
-15887.000000
-15838.000000
-15886.000000
-15870.000000
-15865.000000
-15882.000000
-15908.000000
-15876.000000
-15881.000000
-15865.000000
-15851.000000
-15695.000000
-15728.000000
-15845.000000
-15714.000000
-15871.000000
-15878.000000
-15302.000000
-15879.000000
-15885.000000
-15891.000000
-15709.000000
-15892.000000
-15883.000000
-15697.000000
-15855.000000
-15494.000000
-15881.000000
-15686.000000
-15681.000000
-15888.000000
-15876.000000
-15887.000000
-15885.000000
-15832.000000
-15891.000000
-15350.000000
-15872.000000
-15762.000000
-15898.000000
-15629.000000
-15878.000000
-15880.000000
-15893.000000
-15844.000000
-15897.000000
-15879.000000
-15892.000000
-15883.000000
-15888.000000
-15886.000000
-15852.000000
-15701.000000
-15744.000000
-15880.000000
-15547.000000
-15876.000000
-15872.000000
-15882.000000
-15896.000000
-15638.000000
-15876.000000
-15769.000000
-15796.000000
-15878.000000
-15840.000000
-15836.000000
-15878.000000
-15883.000000
-15881.000000
-15849.000000
-15884.000000
-15870.000000
-15886.000000
-15879.000000
-15890.000000
-15876.000000
-15886.000000
-15024.000000
-15893.000000
-15877.000000
-15852.000000
-15884.000000
-15878.000000
-15884.000000
-15887.000000
-15884.000000
-15884.000000
-15848.000000
-15882.000000
-15889.000000
-15671.000000
-15609.000000
-15876.000000
-15888.000000
-15887.000000
-15880.000000
-15687.000000
-15889.000000
-15871.000000
-15834.000000
-15888.000000
-15848.000000
-15840.000000
-15852.000000
-15883.000000
-15893.000000
-15467.000000
-15844.000000
-15865.000000
-15705.000000
-15892.000000
-15737.000000
-15890.000000
-15896.000000
-15879.000000
-15750.000000
-15896.000000
-15871.000000
-15870.000000
-15848.000000
-15877.000000
-15896.000000
-15855.000000
-15872.000000
-15868.000000
-15873.000000
-15874.000000
-15883.000000
-15883.000000
-15759.000000
-15762.000000
-15882.000000
-15882.000000
-15880.000000
-15732.000000
-15881.000000
-15862.000000
-15874.000000
-15900.000000
-15742.000000
-15893.000000
-15867.000000
-15882.000000
-15884.000000
-15869.000000
-15886.000000
-15889.000000
-15760.000000
-15885.000000
-15886.000000
-15880.000000
-15849.000000
-15879.000000
-15875.000000
-15658.000000
-15882.000000
-15895.000000
-15882.000000
-15883.000000
-15884.000000
-15881.000000
-15863.000000
-15883.000000
-15741.000000
-15839.000000
-15876.000000
-15826.000000
-15869.000000
-15878.000000
-15821.000000
-15875.000000
-15876.000000
-15855.000000
-15745.000000
-15720.000000
-15724.000000
-15873.000000
-15887.000000
-15865.000000
-15881.000000
-15861.000000
-15853.000000
-15857.000000
-15741.000000
-15891.000000
-15873.000000
-15885.000000
-15869.000000
-15856.000000
-15879.000000
-15881.000000
-15885.000000
-15867.000000
-15881.000000
-15890.000000
-15888.000000
-15882.000000
-15884.000000
-15875.000000
-15848.000000
-15867.000000
-15887.000000
-15813.000000
-15870.000000
-15545.000000
-15886.000000
-15742.000000
-15874.000000
-15881.000000
-15868.000000
-15884.000000
-15693.000000
-15879.000000
-15882.000000
-15885.000000
-15888.000000
-15848.000000
-15876.000000
-15876.000000
-15882.000000
-15676.000000
-15881.000000
-15840.000000
-15740.000000
-15872.000000
-15867.000000
-15865.000000
-15866.000000
-15885.000000
-15837.000000
-15878.000000
-15847.000000
-15720.000000
-15859.000000
-15839.000000
-15877.000000
-15894.000000
-15879.000000
-15882.000000
-15881.000000
-15888.000000
-15145.000000
-15862.000000
-15876.000000
-15418.000000
-15880.000000
-15420.000000
-15896.000000
-15534.000000
-15890.000000
-15877.000000
-15576.000000
-15876.000000
-15880.000000
-15880.000000
-15859.000000
-15727.000000
-15880.000000
-15681.000000
-15868.000000
-15888.000000
-15878.000000
-15708.000000
-15879.000000
-15888.000000
-15888.000000
-15699.000000
-15848.000000
-15892.000000
-15896.000000
-15880.000000
-15845.000000
-15688.000000
-15850.000000
-15874.000000
-15755.000000
-15844.000000
-15857.000000
-15870.000000
-15724.000000
-15877.000000
-15893.000000
-15900.000000
-15427.000000
-15880.000000
-15874.000000
-15868.000000
-15690.000000
-15656.000000
-15854.000000
-15848.000000
-15818.000000
-15479.000000
-15900.000000
-15734.000000
-15885.000000
-15836.000000
-15888.000000
-15902.000000
-15886.000000
-15849.000000
-15855.000000
-15874.000000
-15592.000000
-15893.000000
-15882.000000
-15697.000000
-15890.000000
-15884.000000
-15883.000000
-15884.000000
-15904.000000
-15881.000000
-15730.000000
-15863.000000
-15855.000000
-15872.000000
-15836.000000
-15874.000000
-15629.000000
-15887.000000
-15867.000000
-15866.000000
-15886.000000
-15869.000000
-15886.000000
-15871.000000
-15763.000000
-15888.000000
-15863.000000
-15015.000000
-15882.000000
-15866.000000
-15885.000000
-15894.000000
-15871.000000
-15365.000000
-15889.000000
-15840.000000
-14853.000000
-15895.000000
-15856.000000
-15877.000000
-15854.000000
-15887.000000
-15667.000000
-15871.000000
-15769.000000
-15874.000000
-15894.000000
-15857.000000
-15901.000000
-15888.000000
-15598.000000
-15888.000000
-15879.000000
-15853.000000
-15875.000000
-15622.000000
-15895.000000
-15888.000000
-15876.000000
-15704.000000
-15872.000000
-15865.000000
-15889.000000
-15858.000000
-15868.000000
-15451.000000
-15884.000000
-15868.000000
-15887.000000
-15878.000000
-15877.000000
-15879.000000
-15877.000000
-15684.000000
-15756.000000
-15854.000000
-15873.000000
-15884.000000
-15833.000000
-15619.000000
-15884.000000
-15873.000000
-15691.000000
-15882.000000
-15847.000000
-15874.000000
-15807.000000
-15884.000000
-15776.000000
-15893.000000
-15852.000000
-15890.000000
-15580.000000
-15882.000000
-15886.000000
-15861.000000
-15878.000000
-15767.000000
-15884.000000
-15885.000000
-15881.000000
-15801.000000
-15875.000000
-15855.000000
-15838.000000
-15882.000000
-15868.000000
-15858.000000
-15877.000000
-14919.000000
-15853.000000
-15881.000000
-15728.000000
-15875.000000
-15854.000000
-15896.000000
-15854.000000
-15880.000000
-15874.000000
-15893.000000
-15852.000000
-15890.000000
-15626.000000
-15890.000000
-15870.000000
-15887.000000
-15887.000000
-15865.000000
-15877.000000
-15894.000000
-15874.000000
-15889.000000
-15892.000000
-15634.000000
-15052.000000
-15883.000000
-15897.000000
-15877.000000
-15882.000000
-15884.000000
-15884.000000
-15895.000000
-15730.000000
-15852.000000
-15740.000000
-15854.000000
-15864.000000
-15880.000000
-15890.000000
-15886.000000
-15883.000000
-15435.000000
-15725.000000
-15398.000000
-15874.000000
-15819.000000
-15846.000000
-15879.000000
-15762.000000
-15893.000000
-15877.000000
-15887.000000
-15512.000000
-15890.000000
-15847.000000
-15881.000000
-15870.000000
-15891.000000
-15890.000000
-15877.000000
-15884.000000
-15874.000000
-15880.000000
-15751.000000
-15879.000000
-15343.000000
-15876.000000
-15756.000000
-15860.000000
-15894.000000
-15894.000000
-15844.000000
-15893.000000
-15888.000000
-15875.000000
-15878.000000
-15891.000000
-15842.000000
-15722.000000
-15856.000000
-15715.000000
-15869.000000
-15869.000000
-15844.000000
-15884.000000
-15869.000000
-15874.000000
-15864.000000
-15864.000000
-15894.000000
-15888.000000
-15879.000000
-15873.000000
-15890.000000
-15818.000000
-15836.000000
-15903.000000
-15863.000000
-15888.000000
-15879.000000
-15469.000000
-15884.000000
-15856.000000
-15890.000000
-15516.000000
-15902.000000
-15761.000000
-15871.000000
-15690.000000
-15860.000000
-15886.000000
-15888.000000
-15877.000000
-15885.000000
-15883.000000
-15870.000000
-15848.000000
-15891.000000
-15867.000000
-15890.000000
-15886.000000
-15869.000000
-15880.000000
-15888.000000
-15860.000000
-15889.000000
-15859.000000
-15891.000000
-15770.000000
-15492.000000
-15874.000000
-15857.000000
-15871.000000
-15878.000000
-15852.000000
-15873.000000
-15864.000000
-15883.000000
-15881.000000
-15889.000000
-15882.000000
-15716.000000
-15895.000000
-15868.000000
-15889.000000
-15880.000000
-15880.000000
-15876.000000
-15869.000000
-15877.000000
-15869.000000
-15884.000000
-15852.000000
-15709.000000
-15896.000000
-15874.000000
-15531.000000
-15866.000000
-15870.000000
-15853.000000
-15337.000000
-15870.000000
-15807.000000
-15889.000000
-15894.000000
-15721.000000
-15868.000000
-15869.000000
-15891.000000
-15863.000000
-15843.000000
-15642.000000
-15897.000000
-15896.000000
-15875.000000
-15761.000000
-15881.000000
-15875.000000
-15880.000000
-15867.000000
-15892.000000
-15877.000000
-15887.000000
-15850.000000
-15864.000000
-15884.000000
-15700.000000
-15834.000000
-15760.000000
-15877.000000
-15897.000000
-15868.000000
-15486.000000
-15854.000000
-15878.000000
-15888.000000
-15884.000000
-15884.000000
-15876.000000
-15853.000000
-15863.000000
-15877.000000
-15867.000000
-15757.000000
-15892.000000
-15871.000000
-15754.000000
-15861.000000
-15898.000000
-15851.000000
-15877.000000
-15868.000000
-15890.000000
-15897.000000
-15882.000000
-15890.000000
-15888.000000
-15883.000000
-15878.000000
-15633.000000
-15523.000000
-15895.000000
-15865.000000
-15886.000000
-15873.000000
-15901.000000
-15831.000000
-15876.000000
-15840.000000
-15880.000000
-15869.000000
-15874.000000
-15874.000000
-15888.000000
-15826.000000
-15876.000000
-15870.000000
-15692.000000
-15283.000000
-15879.000000
-15802.000000
-15886.000000
-15874.000000
-15863.000000
-15894.000000
-15880.000000
-15867.000000
-15864.000000
-15879.000000
-15892.000000
-15881.000000
-15686.000000
-15889.000000
-15887.000000
-15883.000000
-15888.000000
-15882.000000
-15889.000000
-15648.000000
-15853.000000
-15891.000000
-15885.000000
-15827.000000
-15895.000000
-15882.000000
-15719.000000
-15683.000000
-15855.000000
-15882.000000
-15841.000000
-15883.000000
-15884.000000
-15866.000000
-15890.000000
-15734.000000
-15890.000000
-15565.000000
-15893.000000
-15861.000000
-15877.000000
-15554.000000
-15887.000000
-15896.000000
-15533.000000
-15880.000000
-15843.000000
-15876.000000
-15889.000000
-15892.000000
-15891.000000
-15880.000000
-15875.000000
-15857.000000
-15796.000000
-15892.000000
-15879.000000
-15877.000000
-15766.000000
-15879.000000
-15882.000000
-15879.000000
-15869.000000
-15888.000000
-15870.000000
-15754.000000
-15393.000000
-15848.000000
-15887.000000
-15833.000000
-15884.000000
-15865.000000
-15836.000000
-15882.000000
-15859.000000
-15588.000000
-15862.000000
-15845.000000
-15871.000000
-15868.000000
-15787.000000
-15854.000000
-15753.000000
-15885.000000
-15882.000000
-15893.000000
-15867.000000
-15881.000000
-15861.000000
-15884.000000
-15909.000000
-15677.000000
-15889.000000
-15884.000000
-15883.000000
-15838.000000
-15865.000000
-15832.000000
-15879.000000
-15895.000000
-15868.000000
-15893.000000
-15761.000000
-15900.000000
-15889.000000
-15720.000000
-15856.000000
-15866.000000
-15873.000000
-15892.000000
-15873.000000
-15884.000000
-15867.000000
-15825.000000
-15877.000000
-15858.000000
-15862.000000
-15883.000000
-15878.000000
-15885.000000
-15848.000000
-15764.000000
-15880.000000
-15882.000000
-15883.000000
-15858.000000
-15862.000000
-15880.000000
-15602.000000
-15876.000000
-15864.000000
-15900.000000
-15888.000000
-15879.000000
-15886.000000
-15840.000000
-15879.000000
-15841.000000
-15877.000000
-15863.000000
-15864.000000
-15883.000000
-15875.000000
-15888.000000
-15866.000000
-15711.000000
-15797.000000
-15877.000000
-15277.000000
-15723.000000
-15874.000000
-15882.000000
-15693.000000
-15881.000000
-15889.000000
-15886.000000
-15898.000000
-15890.000000
-15888.000000
-15843.000000
-15754.000000
-15882.000000
-15881.000000
-15887.000000
-15888.000000
-15888.000000
-15737.000000
-15869.000000
-15870.000000
-15881.000000
-15837.000000
-15764.000000
-15713.000000
-15895.000000
-15891.000000
-15873.000000
-15852.000000
-15876.000000
-15887.000000
-15849.000000
-15880.000000
-15886.000000
-15891.000000
-15756.000000
-15879.000000
-15883.000000
-15876.000000
-15892.000000
-15889.000000
-15884.000000
-15879.000000
-15889.000000
-15886.000000
-15898.000000
-15857.000000
-15722.000000
-15848.000000
-15867.000000
-15862.000000
-15865.000000
-15557.000000
-15891.000000
-15831.000000
-15732.000000
-15761.000000
-15883.000000
-15878.000000
-15755.000000
-15857.000000
-15878.000000
-15883.000000
-15859.000000
-15868.000000
-15886.000000
-15872.000000
-15887.000000
-15686.000000
-15835.000000
-15876.000000
-15888.000000
-15879.000000
-15876.000000
-15856.000000
-15893.000000
-15630.000000
-15895.000000
-15877.000000
-15880.000000
-15901.000000
-15885.000000
-15769.000000
-15871.000000
-15889.000000
-15848.000000
-15867.000000
-15883.000000
-15874.000000
-15858.000000
-15879.000000
-15880.000000
-15878.000000
-15862.000000
-15874.000000
-15845.000000
-15862.000000
-15861.000000
-15748.000000
-15879.000000
-15890.000000
-15742.000000
-15885.000000
-15742.000000
-15868.000000
-15881.000000
-15884.000000
-15892.000000
-15898.000000
-15872.000000
-15830.000000
-15892.000000
-15868.000000
-15875.000000
-14972.000000
-15842.000000
-15899.000000
-15888.000000
-15746.000000
-15721.000000
-15885.000000
-15891.000000
-15772.000000
-15807.000000
-15884.000000
-15867.000000
-15866.000000
-15874.000000
-15889.000000
-15881.000000
-15751.000000
-15877.000000
-15687.000000
-15848.000000
-15862.000000
-15843.000000
-15885.000000
-15832.000000
-15869.000000
-15752.000000
-15886.000000
-15766.000000
-15837.000000
-15891.000000
-15886.000000
-15881.000000
-15905.000000
-15873.000000
-15592.000000
-15875.000000
-15868.000000
-15878.000000
-15841.000000
-15730.000000
-15881.000000
-15860.000000
-15889.000000
-15833.000000
-15887.000000
-15765.000000
-15871.000000
-15891.000000
-15878.000000
-15880.000000
-15717.000000
-15888.000000
-15863.000000
-15856.000000
-15870.000000
-15846.000000
-15884.000000
-15302.000000
-15879.000000
-15893.000000
-15867.000000
-15880.000000
-15876.000000
-15888.000000
-15877.000000
-15881.000000
-15869.000000
-15890.000000
-15889.000000
-15877.000000
-15851.000000
-15885.000000
-15852.000000
-15845.000000
-15815.000000
-15893.000000
-15891.000000
-15889.000000
-15878.000000
-15869.000000
-15867.000000
-15886.000000
-15862.000000
-15874.000000
-15572.000000
-15737.000000
-15881.000000
-15846.000000
-15735.000000
-15867.000000
-15844.000000
-15851.000000
-15895.000000
-15754.000000
-15850.000000
-15826.000000
-15749.000000
-15872.000000
-15745.000000
-15882.000000
-15892.000000
-15826.000000
-15870.000000
-15886.000000
-15882.000000
-15860.000000
-15751.000000
-15869.000000
-15873.000000
-15612.000000
-15867.000000
-15832.000000
-15889.000000
-15842.000000
-15881.000000
-15879.000000
-15833.000000
-15875.000000
-15882.000000
-15883.000000
-15870.000000
-15885.000000
-15882.000000
-15628.000000
-15885.000000
-15899.000000
-15867.000000
-15807.000000
-15891.000000
-15888.000000
-15716.000000
-15886.000000
-15889.000000
-15870.000000
-15877.000000
-15887.000000
-15880.000000
-15879.000000
-15878.000000
-15736.000000
-15886.000000
-15794.000000
-15874.000000
-15888.000000
-15879.000000
-15853.000000
-15888.000000
-15894.000000
-15878.000000
-15620.000000
-15855.000000
-15867.000000
-15867.000000
-15869.000000
-15843.000000
-15871.000000
-15865.000000
-15841.000000
-15870.000000
-15844.000000
-15855.000000
-15881.000000
-15864.000000
-15879.000000
-15873.000000
-15890.000000
-15880.000000
-15888.000000
-15861.000000
-15580.000000
-15899.000000
-15895.000000
-15868.000000
-15869.000000
-15876.000000
-15868.000000
-15634.000000
-15879.000000
-15890.000000
-15890.000000
-15891.000000
-15891.000000
-15870.000000
-15884.000000
-15834.000000
-15872.000000
-15883.000000
-15888.000000
-15837.000000
-15773.000000
-15506.000000
-15881.000000
-15886.000000
-15886.000000
-15863.000000
-15888.000000
-15737.000000
-15845.000000
-15883.000000
-15863.000000
-15679.000000
-15861.000000
-15887.000000
-15724.000000
-15866.000000
-15871.000000
-15865.000000
-15842.000000
-15855.000000
-15863.000000
-15845.000000
-15893.000000
-15871.000000
-15870.000000
-15880.000000
-15886.000000
-15539.000000
-15872.000000
-15809.000000
-15849.000000
-15761.000000
-15843.000000
-15874.000000
-15870.000000
-15708.000000
-15371.000000
-15890.000000
-15884.000000
-15743.000000
-15811.000000
-15482.000000
-15895.000000
-15883.000000
-15866.000000
-15395.000000
-15859.000000
-15890.000000
-15860.000000
-15871.000000
-15866.000000
-15885.000000
-15880.000000
-15882.000000
-15870.000000
-15900.000000
-15894.000000
-15876.000000
-15880.000000
-15855.000000
-15899.000000
-15870.000000
-15893.000000
-15877.000000
-15878.000000
-15749.000000
-15869.000000
-15882.000000
-15875.000000
-15832.000000
-15898.000000
-15647.000000
-15878.000000
-15879.000000
-15867.000000
-15876.000000
-15761.000000
-15742.000000
-15880.000000
-15773.000000
-15860.000000
-15331.000000
-15869.000000
-15008.000000
-15882.000000
-15875.000000
-15675.000000
-15880.000000
-15880.000000
-15888.000000
-15650.000000
-15855.000000
-15882.000000
-15857.000000
-15894.000000
-15873.000000
-15877.000000
-15882.000000
-15868.000000
-15748.000000
-15409.000000
-15887.000000
-15865.000000
-15893.000000
-15880.000000
-15882.000000
-15662.000000
-15511.000000
-15885.000000
-15856.000000
-15894.000000
-15339.000000
-15878.000000
-15892.000000
-15876.000000
-15870.000000
-15842.000000
-15878.000000
-15460.000000
-15869.000000
-15886.000000
-15875.000000
-15815.000000
-15885.000000
-15872.000000
-15864.000000
-15888.000000
-15823.000000
-15859.000000
-15882.000000
-15642.000000
-15885.000000
-15805.000000
-15888.000000
-15885.000000
-15870.000000
-15897.000000
-15882.000000
-15882.000000
-15887.000000
-15892.000000
-15832.000000
-15658.000000
-15648.000000
-15760.000000
-15872.000000
-15722.000000
-15884.000000
-15758.000000
-15703.000000
-15863.000000
-15619.000000
-15856.000000
-15874.000000
-15882.000000
-15866.000000
-15534.000000
-15882.000000
-15885.000000
-15874.000000
-15628.000000
-15892.000000
-15562.000000
-15881.000000
-15890.000000
-15880.000000
-15876.000000
-15879.000000
-15803.000000
-15880.000000
-15876.000000
-15589.000000
-15734.000000
-15902.000000
-15901.000000
-15716.000000
-15882.000000
-15877.000000
-15872.000000
-15855.000000
-15865.000000
-15885.000000
-15867.000000
-15864.000000
-15897.000000
-15863.000000
-15838.000000
-15889.000000
-15884.000000
-15882.000000
-15872.000000
-15882.000000
-15877.000000
-15853.000000
-15872.000000
-15721.000000
-15883.000000
-15875.000000
-15893.000000
-15034.000000
-15754.000000
-15875.000000
-15878.000000
-15889.000000
-15886.000000
-15711.000000
-15891.000000
-15676.000000
-15803.000000
-15880.000000
-15831.000000
-15631.000000
-15879.000000
-15875.000000
-15535.000000
-15884.000000
-15900.000000
-15884.000000
-15826.000000
-15674.000000
-15715.000000
-15872.000000
-15891.000000
-15848.000000
-15749.000000
-15861.000000
-15879.000000
-15877.000000
-15877.000000
-15857.000000
-15886.000000
-15850.000000
-15894.000000
-15880.000000
-15885.000000
-15882.000000
-15883.000000
-15726.000000
-15890.000000
-15627.000000
-15822.000000
-15880.000000
-15871.000000
-15710.000000
-15874.000000
-15884.000000
-15700.000000
-15597.000000
-15778.000000
-15765.000000
-15873.000000
-15702.000000
-15836.000000
-15875.000000
-15879.000000
-15754.000000
-15885.000000
-15901.000000
-15699.000000
-15681.000000
-15889.000000
-15852.000000
-15873.000000
-15760.000000
-15897.000000
-15888.000000
-15894.000000
-15886.000000
-15737.000000
-15861.000000
-15878.000000
-15864.000000
-15864.000000
-15881.000000
-15886.000000
-15794.000000
-15876.000000
-15901.000000
-15900.000000
-15882.000000
-15880.000000
-15882.000000
-15744.000000
-15878.000000
-15866.000000
-15840.000000
-15830.000000
-15861.000000
-15765.000000
-15851.000000
-15883.000000
-15893.000000
-15862.000000
