-1289.000000
-1299.000000
-1293.000000
-1286.000000
-1312.000000
-1310.000000
-1305.000000
-1306.000000
-1310.000000
-1313.000000
-1293.000000
-1304.000000
-1309.000000
-1307.000000
-1307.000000
-1306.000000
-1306.000000
-1312.000000
-1306.000000
-1292.000000
-1298.000000
-1313.000000
-1308.000000
-1310.000000
-1307.000000
-1309.000000
-1312.000000
-1309.000000
-1308.000000
-1313.000000
-1307.000000
-1313.000000
-1299.000000
-1302.000000
-1313.000000
-1306.000000
-1313.000000
-1288.000000
-1317.000000
-1296.000000
-1310.000000
-1316.000000
-1297.000000
-1312.000000
-1312.000000
-1306.000000
-1313.000000
-1309.000000
-1287.000000
-1311.000000
-1315.000000
-1307.000000
-1305.000000
-1307.000000
-1292.000000
-1286.000000
-1304.000000
-1309.000000
-1309.000000
-1313.000000
-1314.000000
-1289.000000
-1308.000000
-1314.000000
-1312.000000
-1308.000000
-1309.000000
-1297.000000
-1306.000000
-1310.000000
-1308.000000
-1310.000000
-1304.000000
-1293.000000
-1302.000000
-1298.000000
-1315.000000
-1310.000000
-1308.000000
-1309.000000
-1312.000000
-1306.000000
-1307.000000
-1288.000000
-1291.000000
-1288.000000
-1307.000000
-1306.000000
-1292.000000
-1309.000000
-1306.000000
-1315.000000
-1306.000000
-1309.000000
-1311.000000
-1309.000000
-1307.000000
-1316.000000
-1310.000000
-1296.000000
-1310.000000
-1296.000000
-1308.000000
-1313.000000
-1287.000000
-1308.000000
-1308.000000
-1306.000000
-1306.000000
-1309.000000
-1314.000000
-1309.000000
-1308.000000
-1308.000000
-1307.000000
-1284.000000
-1290.000000
-1309.000000
-1313.000000
-1300.000000
-1305.000000
-1308.000000
-1312.000000
-1305.000000
-1310.000000
-1308.000000
-1315.000000
-1306.000000
-1305.000000
-1290.000000
-1289.000000
-1293.000000
-1303.000000
-1308.000000
-1307.000000
-1305.000000
-1290.000000
-1285.000000
-1307.000000
-1296.000000
-1300.000000
-1307.000000
-1313.000000
-1301.000000
-1308.000000
-1312.000000
-1316.000000
-1289.000000
-1308.000000
-1310.000000
-1303.000000
-1291.000000
-1308.000000
-1308.000000
-1312.000000
-1308.000000
-1303.000000
-1293.000000
-1312.000000
-1309.000000
-1305.000000
-1293.000000
-1298.000000
-1314.000000
-1308.000000
-1307.000000
-1309.000000
-1315.000000
-1303.000000
-1306.000000
-1304.000000
-1313.000000
-1303.000000
-1307.000000
-1312.000000
-1310.000000
-1309.000000
-1312.000000
-1312.000000
-1312.000000
-1305.000000
-1311.000000
-1289.000000
-1309.000000
-1310.000000
-1309.000000
-1308.000000
-1306.000000
-1308.000000
-1297.000000
-1304.000000
-1295.000000
-1286.000000
-1309.000000
-1294.000000
-1295.000000
-1311.000000
-1308.000000
-1306.000000
-1311.000000
-1310.000000
-1308.000000
-1309.000000
-1299.000000
-1308.000000
-1304.000000
-1307.000000
-1300.000000
-1312.000000
-1313.000000
-1314.000000
-1310.000000
-1294.000000
-1310.000000
-1293.000000
-1313.000000
-1312.000000
-1307.000000
-1296.000000
-1306.000000
-1314.000000
-1313.000000
-1306.000000
-1288.000000
-1309.000000
-1283.000000
-1300.000000
-1307.000000
-1308.000000
-1306.000000
-1302.000000
-1308.000000
-1304.000000
-1310.000000
-1306.000000
-1313.000000
-1311.000000
-1310.000000
-1292.000000
-1309.000000
-1309.000000
-1313.000000
-1305.000000
-1308.000000
-1296.000000
-1289.000000
-1307.000000
-1304.000000
-1309.000000
-1298.000000
-1312.000000
-1312.000000
-1312.000000
-1313.000000
-1312.000000
-1311.000000
-1312.000000
-1291.000000
-1304.000000
-1295.000000
-1312.000000
-1291.000000
-1306.000000
-1312.000000
-1314.000000
-1311.000000
-1292.000000
-1284.000000
-1316.000000
-1303.000000
-1311.000000
-1309.000000
-1308.000000
-1309.000000
-1310.000000
-1312.000000
-1295.000000
-1314.000000
-1314.000000
-1307.000000
-1304.000000
-1304.000000
-1312.000000
-1283.000000
-1306.000000
-1308.000000
-1310.000000
-1312.000000
-1300.000000
-1312.000000
-1312.000000
-1302.000000
-1313.000000
-1310.000000
-1308.000000
-1312.000000
-1290.000000
-1293.000000
-1307.000000
-1308.000000
-1307.000000
-1306.000000
-1306.000000
-1308.000000
-1288.000000
-1292.000000
-1290.000000
-1309.000000
-1290.000000
-1291.000000
-1292.000000
-1307.000000
-1297.000000
-1308.000000
-1309.000000
-1304.000000
-1304.000000
-1313.000000
-1310.000000
-1311.000000
-1307.000000
-1313.000000
-1315.000000
-1307.000000
-1304.000000
-1308.000000
-1310.000000
-1306.000000
-1306.000000
-1291.000000
-1307.000000
-1315.000000
-1302.000000
-1308.000000
-1312.000000
-1305.000000
-1318.000000
-1295.000000
-1307.000000
-1294.000000
-1307.000000
-1315.000000
-1306.000000
-1291.000000
-1309.000000
-1313.000000
-1308.000000
-1306.000000
-1313.000000
-1293.000000
-1304.000000
-1302.000000
-1311.000000
-1313.000000
-1308.000000
-1313.000000
-1314.000000
-1309.000000
-1306.000000
-1307.000000
-1312.000000
-1314.000000
-1305.000000
-1293.000000
-1300.000000
-1306.000000
-1307.000000
-1313.000000
-1297.000000
-1294.000000
-1307.000000
-1310.000000
-1293.000000
-1309.000000
-1312.000000
-1308.000000
-1314.000000
-1311.000000
-1300.000000
-1306.000000
-1299.000000
-1310.000000
-1307.000000
-1302.000000
-1309.000000
-1306.000000
-1312.000000
-1303.000000
-1307.000000
-1302.000000
-1307.000000
-1304.000000
-1313.000000
-1309.000000
-1304.000000
-1312.000000
-1310.000000
-1311.000000
-1297.000000
-1303.000000
-1313.000000
-1310.000000
-1304.000000
-1306.000000
-1309.000000
-1310.000000
-1310.000000
-1311.000000
-1305.000000
-1281.000000
-1304.000000
-1309.000000
-1292.000000
-1308.000000
-1310.000000
-1313.000000
-1317.000000
-1298.000000
-1293.000000
-1312.000000
-1311.000000
-1314.000000
-1307.000000
-1305.000000
-1305.000000
-1308.000000
-1303.000000
-1313.000000
-1304.000000
-1308.000000
-1309.000000
-1286.000000
-1280.000000
-1316.000000
-1316.000000
-1312.000000
-1309.000000
-1312.000000
-1307.000000
-1313.000000
-1304.000000
-1296.000000
-1299.000000
-1305.000000
-1285.000000
-1292.000000
-1307.000000
-1294.000000
-1306.000000
-1303.000000
-1312.000000
-1302.000000
-1306.000000
-1295.000000
-1294.000000
-1290.000000
-1310.000000
-1286.000000
-1305.000000
-1286.000000
-1304.000000
-1296.000000
-1291.000000
-1317.000000
-1309.000000
-1309.000000
-1291.000000
-1313.000000
-1299.000000
-1308.000000
-1287.000000
-1314.000000
-1305.000000
-1311.000000
-1306.000000
-1301.000000
-1308.000000
-1302.000000
-1312.000000
-1302.000000
-1293.000000
-1311.000000
-1301.000000
-1311.000000
-1307.000000
-1288.000000
-1304.000000
-1314.000000
-1309.000000
-1307.000000
-1311.000000
-1309.000000
-1311.000000
-1308.000000
-1313.000000
-1304.000000
-1300.000000
-1306.000000
-1307.000000
-1316.000000
-1295.000000
-1313.000000
-1316.000000
-1291.000000
-1301.000000
-1310.000000
-1300.000000
-1315.000000
-1307.000000
-1291.000000
-1314.000000
-1289.000000
-1291.000000
-1314.000000
-1313.000000
-1309.000000
-1304.000000
-1313.000000
-1307.000000
-1298.000000
-1305.000000
-1306.000000
-1297.000000
-1310.000000
-1307.000000
-1310.000000
-1295.000000
-1311.000000
-1315.000000
-1305.000000
-1313.000000
-1288.000000
-1305.000000
-1309.000000
-1305.000000
-1301.000000
-1309.000000
-1303.000000
-1307.000000
-1308.000000
-1307.000000
-1294.000000
-1287.000000
-1291.000000
-1306.000000
-1295.000000
-1307.000000
-1309.000000
-1307.000000
-1313.000000
-1304.000000
-1302.000000
-1303.000000
-1310.000000
-1286.000000
-1317.000000
-1304.000000
-1308.000000
-1289.000000
-1292.000000
-1298.000000
-1309.000000
-1305.000000
-1310.000000
-1307.000000
-1308.000000
-1313.000000
-1310.000000
-1300.000000
-1312.000000
-1310.000000
-1288.000000
-1307.000000
-1295.000000
-1314.000000
-1302.000000
-1310.000000
-1304.000000
-1314.000000
-1306.000000
-1309.000000
-1306.000000
-1313.000000
-1309.000000
-1294.000000
-1311.000000
-1299.000000
-1306.000000
-1312.000000
-1313.000000
-1292.000000
-1312.000000
-1291.000000
-1302.000000
-1309.000000
-1285.000000
-1314.000000
-1304.000000
-1313.000000
-1291.000000
-1309.000000
-1316.000000
-1307.000000
-1312.000000
-1287.000000
-1284.000000
-1311.000000
-1308.000000
-1303.000000
-1305.000000
-1309.000000
-1307.000000
-1300.000000
-1291.000000
-1312.000000
-1308.000000
-1316.000000
-1313.000000
-1309.000000
-1299.000000
-1310.000000
-1308.000000
-1299.000000
-1307.000000
-1310.000000
-1307.000000
-1291.000000
-1313.000000
-1307.000000
-1311.000000
-1312.000000
-1304.000000
-1305.000000
-1310.000000
-1294.000000
-1295.000000
-1303.000000
-1312.000000
-1311.000000
-1305.000000
-1307.000000
-1299.000000
-1304.000000
-1311.000000
-1283.000000
-1311.000000
-1287.000000
-1307.000000
-1312.000000
-1312.000000
-1307.000000
-1305.000000
-1313.000000
-1310.000000
-1303.000000
-1310.000000
-1311.000000
-1316.000000
-1293.000000
-1305.000000
-1290.000000
-1303.000000
-1306.000000
-1320.000000
-1292.000000
-1307.000000
-1312.000000
-1309.000000
-1309.000000
-1311.000000
-1307.000000
-1309.000000
-1313.000000
-1307.000000
-1310.000000
-1311.000000
-1308.000000
-1291.000000
-1301.000000
-1296.000000
-1316.000000
-1308.000000
-1308.000000
-1307.000000
-1306.000000
-1304.000000
-1303.000000
-1309.000000
-1299.000000
-1306.000000
-1305.000000
-1306.000000
-1309.000000
-1307.000000
-1310.000000
-1311.000000
-1289.000000
-1311.000000
-1304.000000
-1314.000000
-1307.000000
-1309.000000
-1307.000000
-1309.000000
-1309.000000
-1310.000000
-1310.000000
-1307.000000
-1312.000000
-1311.000000
-1309.000000
-1306.000000
-1310.000000
-1313.000000
-1307.000000
-1313.000000
-1317.000000
-1313.000000
-1306.000000
-1314.000000
-1310.000000
-1304.000000
-1306.000000
-1305.000000
-1303.000000
-1312.000000
-1317.000000
-1311.000000
-1308.000000
-1305.000000
-1313.000000
-1302.000000
-1308.000000
-1309.000000
-1292.000000
-1310.000000
-1308.000000
-1306.000000
-1297.000000
-1313.000000
-1306.000000
-1312.000000
-1314.000000
-1312.000000
-1300.000000
-1309.000000
-1309.000000
-1291.000000
-1304.000000
-1296.000000
-1312.000000
-1308.000000
-1307.000000
-1303.000000
-1312.000000
-1295.000000
-1300.000000
-1307.000000
-1310.000000
-1308.000000
-1304.000000
-1306.000000
-1307.000000
-1310.000000
-1306.000000
-1311.000000
-1306.000000
-1306.000000
-1314.000000
-1286.000000
-1303.000000
-1289.000000
-1309.000000
-1299.000000
-1307.000000
-1309.000000
-1307.000000
-1308.000000
-1310.000000
-1307.000000
-1304.000000
-1305.000000
-1314.000000
-1309.000000
-1294.000000
-1287.000000
-1310.000000
-1309.000000
-1299.000000
-1311.000000
-1298.000000
-1305.000000
-1319.000000
-1304.000000
-1316.000000
-1314.000000
-1306.000000
-1307.000000
-1310.000000
-1287.000000
-1307.000000
-1293.000000
-1309.000000
-1285.000000
-1309.000000
-1315.000000
-1308.000000
-1290.000000
-1314.000000
-1293.000000
-1305.000000
-1305.000000
-1295.000000
-1314.000000
-1294.000000
-1309.000000
-1311.000000
-1311.000000
-1304.000000
-1311.000000
-1307.000000
-1302.000000
-1302.000000
-1292.000000
-1309.000000
-1306.000000
-1309.000000
-1285.000000
-1305.000000
-1312.000000
-1309.000000
-1308.000000
-1313.000000
-1310.000000
-1316.000000
-1307.000000
-1301.000000
-1303.000000
-1310.000000
-1311.000000
-1293.000000
-1304.000000
-1314.000000
-1306.000000
-1305.000000
-1309.000000
-1302.000000
-1304.000000
-1297.000000
-1312.000000
-1313.000000
-1310.000000
-1306.000000
-1290.000000
-1310.000000
-1309.000000
-1312.000000
-1308.000000
-1311.000000
-1305.000000
-1310.000000
-1309.000000
-1310.000000
-1312.000000
-1314.000000
-1304.000000
-1305.000000
-1303.000000
-1306.000000
-1307.000000
-1293.000000
-1309.000000
-1314.000000
-1311.000000
-1311.000000
-1307.000000
-1314.000000
-1311.000000
-1302.000000
-1302.000000
-1307.000000
-1311.000000
-1311.000000
-1317.000000
-1303.000000
-1312.000000
-1286.000000
-1295.000000
-1315.000000
-1307.000000
-1308.000000
-1309.000000
-1312.000000
-1313.000000
-1305.000000
-1306.000000
-1303.000000
-1293.000000
-1312.000000
-1306.000000
-1306.000000
-1309.000000
-1306.000000
-1289.000000
-1308.000000
-1310.000000
-1298.000000
-1310.000000
-1309.000000
-1309.000000
-1307.000000
-1298.000000
-1308.000000
-1312.000000
-1310.000000
-1317.000000
-1304.000000
-1317.000000
-1303.000000
-1306.000000
-1310.000000
-1310.000000
-1303.000000
-1312.000000
-1296.000000
-1304.000000
-1308.000000
-1286.000000
-1302.000000
-1311.000000
-1315.000000
-1297.000000
-1312.000000
-1312.000000
-1312.000000
-1307.000000
-1314.000000
-1303.000000
-1306.000000
-1312.000000
-1303.000000
-1311.000000
-1311.000000
-1311.000000
-1293.000000
-1302.000000
-1287.000000
-1296.000000
-1297.000000
-1311.000000
-1314.000000
-1306.000000
-1296.000000
-1315.000000
-1312.000000
-1289.000000
-1310.000000
-1311.000000
-1313.000000
-1290.000000
-1311.000000
-1296.000000
-1312.000000
-1290.000000
-1310.000000
-1313.000000
-1286.000000
-1311.000000
-1313.000000
-1306.000000
-1306.000000
-1311.000000
-1289.000000
-1309.000000
-1288.000000
-1304.000000
-1306.000000
-1307.000000
-1310.000000
-1309.000000
-1293.000000
-1308.000000
-1289.000000
-1310.000000
-1294.000000
-1295.000000
-1312.000000
-1295.000000
-1308.000000
-1311.000000
-1299.000000
-1312.000000
-1307.000000
-1307.000000
-1307.000000
-1308.000000
-1299.000000
-1310.000000
-1303.000000
-1304.000000
-1308.000000
-1303.000000
-1307.000000
-1307.000000
-1307.000000
-1300.000000
-1305.000000
-1308.000000
-1293.000000
-1311.000000
-1304.000000
-1310.000000
-1309.000000
-1302.000000
-1303.000000
-1314.000000
-1309.000000
-1302.000000
-1306.000000
-1306.000000
-1302.000000
-1298.000000
-1316.000000
-1290.000000
-1300.000000
-1314.000000
-1290.000000
-1292.000000
-1307.000000
-1300.000000
-1306.000000
-1312.000000
-1308.000000
-1310.000000
-1306.000000
-1313.000000
-1312.000000
-1307.000000
-1288.000000
-1306.000000
-1314.000000
-1315.000000
-1313.000000
-1314.000000
-1300.000000
-1296.000000
-1317.000000
-1312.000000
-1307.000000
-1313.000000
-1301.000000
-1307.000000
-1312.000000
-1300.000000
-1311.000000
-1310.000000
-1312.000000
-1308.000000
-1304.000000
-1309.000000
-1310.000000
-1284.000000
-1315.000000
-1313.000000
-1306.000000
-1303.000000
-1315.000000
-1307.000000
-1296.000000
-1305.000000
-1308.000000
-1308.000000
-1290.000000
-1293.000000
-1307.000000
-1307.000000
-1306.000000
-1284.000000
-1305.000000
-1309.000000
-1305.000000
-1295.000000
-1301.000000
-1308.000000
-1294.000000
-1309.000000
-1301.000000
-1312.000000
-1292.000000
-1310.000000
-1310.000000
-1306.000000
-1308.000000
-1310.000000
-1310.000000
-1310.000000
-1316.000000
-1314.000000
-1305.000000
-1305.000000
-1313.000000
-1295.000000
-1313.000000
-1290.000000
-1293.000000
-1305.000000
-1312.000000
-1311.000000
-1313.000000
-1316.000000
-1306.000000
-1310.000000
-1305.000000
-1313.000000
-1310.000000
-1292.000000
-1311.000000
-1311.000000
-1300.000000
-1303.000000
-1310.000000
-1312.000000
-1313.000000
-1309.000000
-1311.000000
-1312.000000
-1288.000000
-1309.000000
-1293.000000
-1292.000000
-1317.000000
-1293.000000
-1318.000000
-1308.000000
-1309.000000
-1309.000000
-1304.000000
-1310.000000
-1311.000000
-1307.000000
-1304.000000
-1307.000000
-1312.000000
-1305.000000
-1313.000000
-1312.000000
-1311.000000
-1309.000000
-1312.000000
-1305.000000
-1308.000000
-1305.000000
-1308.000000
-1311.000000
-1291.000000
-1315.000000
-1311.000000
-1301.000000
-1306.000000
-1311.000000
-1311.000000
-1289.000000
-1310.000000
-1315.000000
-1305.000000
-1311.000000
-1313.000000
-1294.000000
-1311.000000
-1292.000000
-1300.000000
-1307.000000
-1307.000000
-1305.000000
-1311.000000
-1307.000000
-1306.000000
-1311.000000
-1308.000000
-1307.000000
-1307.000000
-1301.000000
-1307.000000
-1308.000000
-1313.000000
-1293.000000
-1313.000000
-1310.000000
-1313.000000
-1304.000000
-1308.000000
-1294.000000
-1309.000000
-1309.000000
-1297.000000
-1307.000000
-1311.000000
-1290.000000
-1292.000000
-1308.000000
-1307.000000
-1309.000000
-1300.000000
-1304.000000
-1308.000000
-1309.000000
-1288.000000
-1300.000000
-1308.000000
-1304.000000
-1304.000000
-1310.000000
-1290.000000
-1308.000000
-1306.000000
-1307.000000
-1309.000000
-1307.000000
-1311.000000
-1305.000000
-1291.000000
-1286.000000
-1312.000000
-1309.000000
-1308.000000
-1310.000000
-1309.000000
-1290.000000
-1304.000000
-1306.000000
-1293.000000
-1307.000000
-1299.000000
-1308.000000
-1312.000000
-1309.000000
-1310.000000
-1312.000000
-1312.000000
-1311.000000
-1289.000000
-1312.000000
-1312.000000
-1307.000000
-1305.000000
-1301.000000
-1299.000000
-1310.000000
-1311.000000
-1315.000000
-1292.000000
-1308.000000
-1296.000000
-1305.000000
-1307.000000
-1298.000000
-1315.000000
-1307.000000
-1307.000000
-1311.000000
-1291.000000
-1293.000000
-1308.000000
-1315.000000
-1302.000000
-1309.000000
-1310.000000
-1310.000000
-1309.000000
-1309.000000
-1295.000000
-1307.000000
-1305.000000
-1280.000000
-1311.000000
-1310.000000
-1304.000000
-1294.000000
-1307.000000
-1308.000000
-1309.000000
-1306.000000
-1302.000000
-1291.000000
-1307.000000
-1290.000000
-1296.000000
-1308.000000
-1312.000000
-1307.000000
-1305.000000
-1316.000000
-1313.000000
-1307.000000
-1311.000000
-1316.000000
-1294.000000
-1307.000000
-1303.000000
-1315.000000
-1315.000000
-1309.000000
-1290.000000
-1307.000000
-1308.000000
-1313.000000
-1310.000000
-1310.000000
-1292.000000
-1306.000000
-1307.000000
-1308.000000
-1308.000000
-1318.000000
-1307.000000
-1311.000000
-1308.000000
-1313.000000
-1313.000000
-1308.000000
-1307.000000
-1310.000000
-1304.000000
-1314.000000
-1288.000000
-1310.000000
-1307.000000
-1307.000000
-1306.000000
-1307.000000
-1313.000000
-1309.000000
-1313.000000
-1309.000000
-1303.000000
-1308.000000
-1306.000000
-1290.000000
-1310.000000
-1305.000000
-1311.000000
-1306.000000
-1309.000000
-1288.000000
-1307.000000
-1297.000000
-1310.000000
-1312.000000
-1313.000000
-1314.000000
-1308.000000
-1292.000000
-1295.000000
-1304.000000
-1313.000000
-1309.000000
-1314.000000
-1296.000000
-1311.000000
-1309.000000
-1312.000000
-1306.000000
-1291.000000
-1294.000000
-1308.000000
-1306.000000
-1303.000000
-1306.000000
-1307.000000
-1301.000000
-1313.000000
-1309.000000
-1287.000000
-1307.000000
-1310.000000
-1311.000000
-1309.000000
-1301.000000
-1306.000000
-1305.000000
-1309.000000
-1308.000000
-1310.000000
-1311.000000
-1309.000000
-1312.000000
-1310.000000
-1312.000000
-1311.000000
-1310.000000
-1304.000000
-1304.000000
-1309.000000
-1308.000000
-1295.000000
-1310.000000
-1313.000000
-1312.000000
-1308.000000
-1308.000000
-1309.000000
-1310.000000
-1304.000000
-1306.000000
-1308.000000
-1308.000000
-1315.000000
-1293.000000
-1299.000000
-1288.000000
-1303.000000
-1307.000000
-1305.000000
-1305.000000
-1310.000000
-1313.000000
-1290.000000
-1309.000000
-1301.000000
-1310.000000
-1298.000000
-1301.000000
-1309.000000
-1309.000000
-1312.000000
-1314.000000
-1308.000000
-1308.000000
-1312.000000
-1288.000000
-1305.000000
-1312.000000
-1305.000000
-1308.000000
-1293.000000
-1291.000000
-1304.000000
-1294.000000
-1315.000000
-1306.000000
-1304.000000
-1309.000000
-1309.000000
-1313.000000
-1307.000000
-1309.000000
-1290.000000
-1305.000000
-1300.000000
-1299.000000
-1306.000000
-1303.000000
-1309.000000
-1308.000000
-1315.000000
-1317.000000
-1308.000000
-1311.000000
-1309.000000
-1300.000000
-1309.000000
-1293.000000
-1311.000000
-1291.000000
-1306.000000
-1310.000000
-1312.000000
-1310.000000
-1291.000000
-1296.000000
-1313.000000
-1307.000000
-1311.000000
-1310.000000
-1303.000000
-1314.000000
-1308.000000
-1306.000000
-1310.000000
-1310.000000
-1309.000000
-1303.000000
-1312.000000
-1293.000000
-1304.000000
-1309.000000
-1305.000000
-1310.000000
-1315.000000
-1294.000000
-1311.000000
-1300.000000
-1305.000000
-1309.000000
-1300.000000
-1308.000000
-1293.000000
-1309.000000
-1310.000000
-1311.000000
-1293.000000
-1303.000000
-1311.000000
-1307.000000
-1296.000000
-1295.000000
-1307.000000
-1310.000000
-1306.000000
-1307.000000
-1288.000000
-1307.000000
-1311.000000
-1307.000000
-1309.000000
-1292.000000
-1305.000000
-1310.000000
-1314.000000
-1310.000000
-1309.000000
-1306.000000
-1313.000000
-1312.000000
-1309.000000
-1309.000000
-1307.000000
-1312.000000
-1311.000000
-1311.000000
-1297.000000
-1286.000000
-1306.000000
-1312.000000
-1310.000000
-1306.000000
-1295.000000
-1306.000000
-1313.000000
-1287.000000
-1307.000000
-1290.000000
-1314.000000
-1306.000000
-1314.000000
-1295.000000
-1306.000000
-1305.000000
-1305.000000
-1308.000000
-1307.000000
-1311.000000
-1305.000000
-1305.000000
-1290.000000
-1311.000000
-1310.000000
-1307.000000
-1312.000000
-1302.000000
-1310.000000
-1290.000000
-1309.000000
-1306.000000
-1300.000000
-1306.000000
-1315.000000
-1294.000000
-1304.000000
-1287.000000
-1296.000000
-1309.000000
-1307.000000
-1297.000000
-1303.000000
-1317.000000
-1308.000000
-1312.000000
-1312.000000
-1306.000000
-1310.000000
-1307.000000
-1308.000000
-1302.000000
-1311.000000
-1293.000000
-1312.000000
-1309.000000
-1290.000000
-1309.000000
-1295.000000
-1295.000000
-1312.000000
-1310.000000
-1312.000000
-1311.000000
-1303.000000
-1307.000000
-1305.000000
-1311.000000
-1309.000000
-1309.000000
-1309.000000
-1307.000000
-1309.000000
-1292.000000
-1307.000000
-1296.000000
-1308.000000
-1308.000000
-1312.000000
-1308.000000
-1308.000000
-1311.000000
-1311.000000
-1304.000000
-1293.000000
-1306.000000
-1303.000000
-1312.000000
-1290.000000
-1309.000000
-1305.000000
-1310.000000
-1287.000000
-1307.000000
-1300.000000
-1305.000000
-1307.000000
-1314.000000
-1306.000000
-1314.000000
-1303.000000
-1309.000000
-1306.000000
-1306.000000
-1298.000000
-1291.000000
-1313.000000
-1306.000000
-1307.000000
-1309.000000
-1309.000000
-1314.000000
-1301.000000
-1308.000000
-1313.000000
-1314.000000
-1307.000000
-1291.000000
-1305.000000
-1304.000000
-1311.000000
-1300.000000
-1307.000000
-1312.000000
-1288.000000
-1309.000000
-1294.000000
-1293.000000
-1309.000000
-1308.000000
-1312.000000
-1312.000000
-1291.000000
-1308.000000
-1313.000000
-1306.000000
-1308.000000
-1306.000000
-1306.000000
-1311.000000
-1310.000000
-1296.000000
-1310.000000
-1304.000000
-1308.000000
-1312.000000
-1306.000000
-1314.000000
-1306.000000
-1308.000000
-1303.000000
-1313.000000
-1304.000000
-1301.000000
-1314.000000
-1297.000000
-1311.000000
-1299.000000
-1307.000000
-1320.000000
-1316.000000
-1310.000000
-1311.000000
-1306.000000
-1313.000000
-1310.000000
-1308.000000
-1310.000000
-1314.000000
-1289.000000
-1313.000000
-1314.000000
-1307.000000
-1314.000000
-1308.000000
-1311.000000
-1303.000000
-1291.000000
-1306.000000
-1304.000000
-1310.000000
-1292.000000
-1307.000000
-1304.000000
-1307.000000
-1309.000000
-1304.000000
-1311.000000
-1314.000000
-1317.000000
-1309.000000
-1314.000000
-1293.000000
-1312.000000
-1304.000000
-1310.000000
-1307.000000
-1310.000000
-1311.000000
-1310.000000
-1313.000000
-1309.000000
-1306.000000
-1310.000000
-1306.000000
-1293.000000
-1305.000000
-1301.000000
-1305.000000
-1306.000000
-1304.000000
-1301.000000
-1313.000000
-1299.000000
-1309.000000
-1291.000000
-1315.000000
-1311.000000
-1292.000000
-1291.000000
-1304.000000
-1299.000000
-1304.000000
-1313.000000
-1310.000000
-1308.000000
-1303.000000
-1317.000000
-1306.000000
-1310.000000
-1299.000000
-1304.000000
-1311.000000
-1307.000000
-1308.000000
-1303.000000
-1291.000000
-1291.000000
-1313.000000
-1290.000000
-1309.000000
-1312.000000
-1308.000000
-1309.000000
-1302.000000
-1300.000000
-1310.000000
-1312.000000
-1306.000000
-1303.000000
-1303.000000
-1311.000000
-1312.000000
-1298.000000
-1305.000000
-1303.000000
-1310.000000
-1294.000000
-1307.000000
-1307.000000
-1311.000000
-1306.000000
-1290.000000
-1308.000000
-1313.000000
-1307.000000
-1312.000000
-1312.000000
-1304.000000
-1308.000000
-1312.000000
-1312.000000
-1303.000000
-1309.000000
-1308.000000
-1308.000000
-1309.000000
-1297.000000
-1298.000000
-1316.000000
-1306.000000
-1294.000000
-1291.000000
-1303.000000
-1292.000000
-1310.000000
-1301.000000
-1311.000000
-1306.000000
-1312.000000
-1305.000000
-1305.000000
-1298.000000
-1298.000000
-1313.000000
-1311.000000
-1296.000000
-1306.000000
-1307.000000
-1310.000000
-1303.000000
-1304.000000
-1313.000000
-1310.000000
-1315.000000
-1309.000000
-1307.000000
-1289.000000
-1311.000000
-1311.000000
-1311.000000
-1307.000000
-1306.000000
-1308.000000
-1304.000000
-1312.000000
-1310.000000
-1293.000000
-1313.000000
-1310.000000
-1301.000000
-1307.000000
-1308.000000
-1305.000000
-1311.000000
-1313.000000
-1309.000000
-1305.000000
-1288.000000
-1309.000000
-1309.000000
-1307.000000
-1300.000000
-1314.000000
-1295.000000
-1293.000000
-1301.000000
-1306.000000
-1307.000000
-1312.000000
-1307.000000
-1292.000000
-1307.000000
-1294.000000
-1293.000000
-1307.000000
-1309.000000
-1303.000000
-1313.000000
-1307.000000
-1304.000000
-1292.000000
-1305.000000
-1306.000000
-1305.000000
-1314.000000
-1312.000000
-1299.000000
-1309.000000
-1309.000000
-1306.000000
-1307.000000
-1307.000000
-1301.000000
-1308.000000
-1310.000000
-1302.000000
-1308.000000
-1298.000000
-1309.000000
-1316.000000
-1309.000000
-1293.000000
-1306.000000
-1310.000000
-1305.000000
-1311.000000
-1305.000000
-1307.000000
-1315.000000
-1298.000000
-1313.000000
-1310.000000
-1311.000000
-1299.000000
-1310.000000
-1311.000000
-1314.000000
-1314.000000
-1310.000000
-1304.000000
-1314.000000
-1314.000000
-1309.000000
-1310.000000
-1308.000000
-1312.000000
-1293.000000
-1309.000000
-1309.000000
-1311.000000
-1316.000000
-1308.000000
-1310.000000
-1309.000000
-1292.000000
-1298.000000
-1308.000000
-1303.000000
-1288.000000
-1309.000000
-1309.000000
-1294.000000
-1308.000000
-1305.000000
-1308.000000
-1301.000000
-1312.000000
-1294.000000
-1310.000000
-1312.000000
-1313.000000
-1311.000000
-1285.000000
-1303.000000
-1306.000000
-1309.000000
-1310.000000
-1317.000000
-1306.000000
-1300.000000
-1310.000000
-1313.000000
-1286.000000
-1312.000000
-1309.000000
-1291.000000
-1304.000000
-1304.000000
-1294.000000
-1317.000000
-1308.000000
-1310.000000
-1306.000000
-1306.000000
-1307.000000
-1309.000000
-1287.000000
-1310.000000
-1306.000000
-1309.000000
-1313.000000
-1304.000000
-1307.000000
-1307.000000
-1312.000000
-1309.000000
-1290.000000
-1288.000000
-1315.000000
-1315.000000
-1304.000000
-1309.000000
-1302.000000
-1312.000000
-1288.000000
-1304.000000
-1304.000000
