-4409.000000
-4460.000000
-4433.000000
-4459.000000
-4455.000000
-4400.000000
-4405.000000
-4459.000000
-4454.000000
-4465.000000
-4402.000000
-4414.000000
-4457.000000
-4440.000000
-4467.000000
-4435.000000
-4458.000000
-4402.000000
-4414.000000
-4455.000000
-4450.000000
-4404.000000
-4412.000000
-4399.000000
-4380.000000
-4429.000000
-4351.000000
-4373.000000
-4451.000000
-4460.000000
-4403.000000
-4429.000000
-4461.000000
-4458.000000
-4454.000000
-4401.000000
-4465.000000
-4393.000000
-4454.000000
-4430.000000
-4394.000000
-4459.000000
-4455.000000
-4403.000000
-4461.000000
-4338.000000
-4449.000000
-4431.000000
-4411.000000
-4459.000000
-4469.000000
-4328.000000
-4437.000000
-4380.000000
-4410.000000
-4460.000000
-4379.000000
-4471.000000
-4398.000000
-4452.000000
-4400.000000
-4472.000000
-4405.000000
-4355.000000
-4434.000000
-4428.000000
-4406.000000
-4425.000000
-4404.000000
-4411.000000
-4426.000000
-4414.000000
-4453.000000
-4409.000000
-4407.000000
-4454.000000
-4456.000000
-4465.000000
-4451.000000
-4426.000000
-4374.000000
-4462.000000
-4459.000000
-4377.000000
-4409.000000
-4400.000000
-4470.000000
-4400.000000
-4467.000000
-4453.000000
-4459.000000
-4325.000000
-4452.000000
-4445.000000
-4449.000000
-4469.000000
-4455.000000
-4464.000000
-4387.000000
-4432.000000
-4408.000000
-4378.000000
-4466.000000
-4457.000000
-4454.000000
-4463.000000
-4464.000000
-4457.000000
-4465.000000
-4463.000000
-4409.000000
-4455.000000
-4453.000000
-4402.000000
-4457.000000
-4456.000000
-4410.000000
-4458.000000
-4462.000000
-4450.000000
-4416.000000
-4458.000000
-4298.000000
-4453.000000
-4447.000000
-4415.000000
-4403.000000
-4465.000000
-4450.000000
-4426.000000
-4463.000000
-4458.000000
-4405.000000
-4432.000000
-4453.000000
-4408.000000
-4402.000000
-4462.000000
-4459.000000
-4446.000000
-4458.000000
-4405.000000
-4432.000000
-4472.000000
-4461.000000
-4470.000000
-4429.000000
-4459.000000
-4297.000000
-4355.000000
-4471.000000
-4364.000000
-4374.000000
-4414.000000
-4431.000000
-4432.000000
-4383.000000
-4409.000000
-4431.000000
-4445.000000
-4409.000000
-4446.000000
-4456.000000
-4447.000000
-4400.000000
-4452.000000
-4457.000000
-4350.000000
-4408.000000
-4460.000000
-4458.000000
-4463.000000
-4460.000000
-4430.000000
-4393.000000
-4454.000000
-4407.000000
-4402.000000
-4410.000000
-4374.000000
-4429.000000
-4454.000000
-4402.000000
-4459.000000
-4454.000000
-4431.000000
-4467.000000
-4409.000000
-4389.000000
-4374.000000
-4355.000000
-4467.000000
-4449.000000
-4465.000000
-4325.000000
-4460.000000
-4465.000000
-4445.000000
-4457.000000
-4465.000000
-4355.000000
-4403.000000
-4426.000000
-4399.000000
-4327.000000
-4324.000000
-4464.000000
-4374.000000
-4460.000000
-4328.000000
-4452.000000
-4380.000000
-4411.000000
-4426.000000
-4413.000000
-4454.000000
-4453.000000
-4416.000000
-4407.000000
-4459.000000
-4382.000000
-4406.000000
-4455.000000
-4400.000000
-4462.000000
-4452.000000
-4395.000000
-4460.000000
-4434.000000
-4383.000000
-4458.000000
-4457.000000
-4455.000000
-4457.000000
-4426.000000
-4384.000000
-4353.000000
-4453.000000
-4448.000000
-4425.000000
-4400.000000
-4463.000000
-4438.000000
-4405.000000
-4451.000000
-4451.000000
-4412.000000
-4409.000000
-4462.000000
-4423.000000
-4408.000000
-4466.000000
-4459.000000
-4400.000000
-4397.000000
-4404.000000
-4449.000000
-4379.000000
-4466.000000
-4433.000000
-4450.000000
-4464.000000
-4427.000000
-4459.000000
-4466.000000
-4452.000000
-4400.000000
-4386.000000
-4410.000000
-4400.000000
-4451.000000
-4447.000000
-4460.000000
-4451.000000
-4403.000000
-4381.000000
-4461.000000
-4460.000000
-4440.000000
-4414.000000
-4458.000000
-4458.000000
-4458.000000
-4396.000000
-4469.000000
-4451.000000
-4453.000000
-4453.000000
-4459.000000
-4456.000000
-4455.000000
-4381.000000
-4380.000000
-4461.000000
-4460.000000
-4454.000000
-4381.000000
-4433.000000
-4456.000000
-4465.000000
-4348.000000
-4457.000000
-4461.000000
-4394.000000
-4383.000000
-4401.000000
-4463.000000
-4451.000000
-4394.000000
-4381.000000
-4426.000000
-4453.000000
-4404.000000
-4446.000000
-4432.000000
-4432.000000
-4365.000000
-4426.000000
-4467.000000
-4371.000000
-4413.000000
-4407.000000
-4406.000000
-4458.000000
-4457.000000
-4450.000000
-4411.000000
-4414.000000
-4424.000000
-4410.000000
-4448.000000
-4394.000000
-4434.000000
-4455.000000
-4406.000000
-4389.000000
-4460.000000
-4416.000000
-4467.000000
-4398.000000
-4455.000000
-4464.000000
-4465.000000
-4412.000000
-4412.000000
-4455.000000
-4458.000000
-4458.000000
-4428.000000
-4441.000000
-4458.000000
-4444.000000
-4403.000000
-4404.000000
-4453.000000
-4439.000000
-4460.000000
-4454.000000
-4450.000000
-4428.000000
-4460.000000
-4433.000000
-4461.000000
-4427.000000
-4396.000000
-4447.000000
-4451.000000
-4455.000000
-4406.000000
-4407.000000
-4457.000000
-4439.000000
-4400.000000
-4448.000000
-4436.000000
-4387.000000
-4429.000000
-4348.000000
-4386.000000
-4468.000000
-4451.000000
-4457.000000
-4446.000000
-4450.000000
-4424.000000
-4463.000000
-4449.000000
-4400.000000
-4410.000000
-4458.000000
-4351.000000
-4448.000000
-4435.000000
-4452.000000
-4448.000000
-4450.000000
-4456.000000
-4355.000000
-4465.000000
-4455.000000
-4410.000000
-4455.000000
-4441.000000
-4401.000000
-4461.000000
-4427.000000
-4459.000000
-4382.000000
-4437.000000
-4459.000000
-4426.000000
-4402.000000
-4464.000000
-4406.000000
-4453.000000
-4433.000000
-4460.000000
-4463.000000
-4455.000000
-4454.000000
-4408.000000
-4456.000000
-4414.000000
-4460.000000
-4428.000000
-4436.000000
-4466.000000
-4428.000000
-4428.000000
-4458.000000
-4437.000000
-4383.000000
-4431.000000
-4409.000000
-4474.000000
-4430.000000
-4447.000000
-4462.000000
-4435.000000
-4457.000000
-4455.000000
-4458.000000
-4461.000000
-4429.000000
-4427.000000
-4403.000000
-4450.000000
-4457.000000
-4422.000000
-4449.000000
-4403.000000
-4468.000000
-4464.000000
-4379.000000
-4459.000000
-4467.000000
-4451.000000
-4408.000000
-4458.000000
-4454.000000
-4460.000000
-4452.000000
-4458.000000
-4432.000000
-4453.000000
-4457.000000
-4463.000000
-4379.000000
-4393.000000
-4421.000000
-4451.000000
-4457.000000
-4407.000000
-4459.000000
-4399.000000
-4454.000000
-4408.000000
-4391.000000
-4433.000000
-4450.000000
-4410.000000
-4439.000000
-4392.000000
-4395.000000
-4468.000000
-4424.000000
-4458.000000
-4457.000000
-4407.000000
-4374.000000
-4451.000000
-4464.000000
-4462.000000
-4448.000000
-4354.000000
-4458.000000
-4415.000000
-4391.000000
-4453.000000
-4446.000000
-4460.000000
-4411.000000
-4464.000000
-4325.000000
-4458.000000
-4465.000000
-4459.000000
-4455.000000
-4463.000000
-4454.000000
-4465.000000
-4456.000000
-4374.000000
-4464.000000
-4388.000000
-4401.000000
-4438.000000
-4456.000000
-4455.000000
-4452.000000
-4411.000000
-4438.000000
-4433.000000
-4426.000000
-4388.000000
-4462.000000
-4393.000000
-4365.000000
-4401.000000
-4384.000000
-4411.000000
-4396.000000
-4379.000000
-4387.000000
-4453.000000
-4454.000000
-4451.000000
-4396.000000
-4405.000000
-4454.000000
-4469.000000
-4436.000000
-4447.000000
-4465.000000
-4454.000000
-4432.000000
-4459.000000
-4406.000000
-4435.000000
-4439.000000
-4382.000000
-4406.000000
-4409.000000
-4452.000000
-4459.000000
-4462.000000
-4455.000000
-4450.000000
-4458.000000
-4458.000000
-4399.000000
-4396.000000
-4433.000000
-4448.000000
-4459.000000
-4459.000000
-4471.000000
-4452.000000
-4410.000000
-4466.000000
-4451.000000
-4454.000000
-4464.000000
-4451.000000
-4464.000000
-4401.000000
-4454.000000
-4456.000000
-4394.000000
-4455.000000
-4464.000000
-4457.000000
-4445.000000
-4454.000000
-4412.000000
-4431.000000
-4445.000000
-4342.000000
-4459.000000
-4400.000000
-4407.000000
-4446.000000
-4457.000000
-4379.000000
-4378.000000
-4450.000000
-4454.000000
-4402.000000
-4461.000000
-4440.000000
-4356.000000
-4458.000000
-4298.000000
-4447.000000
-4439.000000
-4409.000000
-4460.000000
-4459.000000
-4404.000000
-4375.000000
-4449.000000
-4470.000000
-4465.000000
-4458.000000
-4398.000000
-4428.000000
-4412.000000
-4453.000000
-4463.000000
-4450.000000
-4457.000000
-4397.000000
-4456.000000
-4453.000000
-4449.000000
-4394.000000
-4427.000000
-4405.000000
-4357.000000
-4434.000000
-4435.000000
-4356.000000
-4448.000000
-4377.000000
-4445.000000
-4433.000000
-4457.000000
-4405.000000
-4461.000000
-4459.000000
-4422.000000
-4429.000000
-4402.000000
-4462.000000
-4395.000000
-4428.000000
-4440.000000
-4403.000000
-4371.000000
-4454.000000
-4458.000000
-4469.000000
-4425.000000
-4384.000000
-4449.000000
-4465.000000
-4450.000000
-4421.000000
-4453.000000
-4453.000000
-4410.000000
-4466.000000
-4464.000000
-4327.000000
-4406.000000
-4460.000000
-4303.000000
-4460.000000
-4424.000000
-4460.000000
-4456.000000
-4458.000000
-4420.000000
-4400.000000
-4456.000000
-4436.000000
-4412.000000
-4441.000000
-4415.000000
-4439.000000
-4457.000000
-4429.000000
-4455.000000
-4450.000000
-4470.000000
-4408.000000
-4380.000000
-4450.000000
-4464.000000
-4391.000000
-4452.000000
-4457.000000
-4434.000000
-4408.000000
-4419.000000
-4442.000000
-4411.000000
-4468.000000
-4460.000000
-4460.000000
-4453.000000
-4455.000000
-4462.000000
-4450.000000
-4463.000000
-4416.000000
-4374.000000
-4351.000000
-4458.000000
-4460.000000
-4451.000000
-4433.000000
-4427.000000
-4464.000000
-4460.000000
-4430.000000
-4460.000000
-4445.000000
-4411.000000
-4452.000000
-4400.000000
-4379.000000
-4376.000000
-4387.000000
-4455.000000
-4407.000000
-4454.000000
-4466.000000
-4425.000000
-4458.000000
-4475.000000
-4456.000000
-4458.000000
-4411.000000
-4456.000000
-4412.000000
-4452.000000
-4426.000000
-4405.000000
-4401.000000
-4398.000000
-4466.000000
-4357.000000
-4423.000000
-4431.000000
-4460.000000
-4378.000000
-4460.000000
-4458.000000
-4354.000000
-4452.000000
-4462.000000
-4324.000000
-4438.000000
-4409.000000
-4448.000000
-4437.000000
-4403.000000
-4392.000000
-4375.000000
-4429.000000
-4373.000000
-4404.000000
-4407.000000
-4398.000000
-4396.000000
-4401.000000
-4472.000000
-4350.000000
-4424.000000
-4462.000000
-4461.000000
-4458.000000
-4461.000000
-4380.000000
-4441.000000
-4445.000000
-4457.000000
-4456.000000
-4397.000000
-4458.000000
-4459.000000
-4409.000000
-4448.000000
-4402.000000
-4398.000000
-4426.000000
-4468.000000
-4454.000000
-4354.000000
-4458.000000
-4457.000000
-4459.000000
-4456.000000
-4466.000000
-4456.000000
-4437.000000
-4465.000000
-4397.000000
-4408.000000
-4436.000000
-4463.000000
-4403.000000
-4409.000000
-4378.000000
-4457.000000
-4422.000000
-4459.000000
-4463.000000
-4455.000000
-4403.000000
-4376.000000
-4444.000000
-4447.000000
-4436.000000
-4453.000000
-4454.000000
-4448.000000
-4463.000000
-4401.000000
-4412.000000
-4458.000000
-4379.000000
-4430.000000
-4433.000000
-4466.000000
-4453.000000
-4455.000000
-4461.000000
-4427.000000
-4432.000000
-4458.000000
-4396.000000
-4455.000000
-4394.000000
-4381.000000
-4456.000000
-4412.000000
-4456.000000
-4382.000000
-4429.000000
-4465.000000
-4407.000000
-4446.000000
-4411.000000
-4435.000000
-4408.000000
-4404.000000
-4447.000000
-4463.000000
-4350.000000
-4405.000000
-4456.000000
-4425.000000
-4402.000000
-4431.000000
-4453.000000
-4402.000000
-4459.000000
-4433.000000
-4436.000000
-4451.000000
-4349.000000
-4444.000000
-4462.000000
-4380.000000
-4430.000000
-4457.000000
-4410.000000
-4461.000000
-4396.000000
-4461.000000
-4425.000000
-4430.000000
-4404.000000
-4464.000000
-4461.000000
-4460.000000
-4420.000000
-4399.000000
-4439.000000
-4381.000000
-4385.000000
-4457.000000
-4401.000000
-4443.000000
-4410.000000
-4360.000000
-4435.000000
-4430.000000
-4458.000000
-4452.000000
-4451.000000
-4436.000000
-4379.000000
-4449.000000
-4445.000000
-4407.000000
-4428.000000
-4391.000000
-4456.000000
-4398.000000
-4455.000000
-4425.000000
-4452.000000
-4452.000000
-4451.000000
-4444.000000
-4430.000000
-4422.000000
-4457.000000
-4424.000000
-4455.000000
-4436.000000
-4383.000000
-4453.000000
-4400.000000
-4432.000000
-4383.000000
-4454.000000
-4421.000000
-4472.000000
-4398.000000
-4462.000000
-4459.000000
-4466.000000
-4456.000000
-4406.000000
-4439.000000
-4466.000000
-4429.000000
-4401.000000
-4456.000000
-4465.000000
-4456.000000
-4352.000000
-4353.000000
-4455.000000
-4456.000000
-4406.000000
-4438.000000
-4462.000000
-4400.000000
-4450.000000
-4398.000000
-4454.000000
-4442.000000
-4455.000000
-4456.000000
-4466.000000
-4448.000000
-4396.000000
-4428.000000
-4461.000000
-4440.000000
-4411.000000
-4433.000000
-4406.000000
-4454.000000
-4409.000000
-4427.000000
-4464.000000
-4454.000000
-4455.000000
-4454.000000
-4407.000000
-4465.000000
-4451.000000
-4397.000000
-4449.000000
-4414.000000
-4432.000000
-4447.000000
-4379.000000
-4431.000000
-4453.000000
-4459.000000
-4456.000000
-4462.000000
-4433.000000
-4412.000000
-4402.000000
-4471.000000
-4434.000000
-4444.000000
-4385.000000
-4400.000000
-4464.000000
-4406.000000
-4453.000000
-4457.000000
-4407.000000
-4380.000000
-4446.000000
-4412.000000
-4434.000000
-4463.000000
-4463.000000
-4462.000000
-4451.000000
-4468.000000
-4431.000000
-4404.000000
-4377.000000
-4459.000000
-4447.000000
-4407.000000
-4454.000000
-4453.000000
-4435.000000
-4406.000000
-4355.000000
-4381.000000
-4456.000000
-4415.000000
-4408.000000
-4467.000000
-4460.000000
-4435.000000
-4462.000000
-4396.000000
-4457.000000
-4425.000000
-4459.000000
-4464.000000
-4449.000000
-4454.000000
-4452.000000
-4461.000000
-4459.000000
-4435.000000
-4434.000000
-4446.000000
-4439.000000
-4438.000000
-4450.000000
-4436.000000
-4475.000000
-4437.000000
-4412.000000
-4388.000000
-4399.000000
-4426.000000
-4464.000000
-4456.000000
-4425.000000
-4407.000000
-4390.000000
-4456.000000
-4457.000000
-4466.000000
-4457.000000
-4448.000000
-4422.000000
-4460.000000
-4372.000000
-4453.000000
-4455.000000
-4459.000000
-4460.000000
-4451.000000
-4422.000000
-4382.000000
-4410.000000
-4466.000000
-4435.000000
-4424.000000
-4466.000000
-4412.000000
-4459.000000
-4459.000000
-4403.000000
-4456.000000
-4463.000000
-4444.000000
-4444.000000
-4428.000000
-4455.000000
-4464.000000
-4449.000000
-4427.000000
-4429.000000
-4453.000000
-4474.000000
-4445.000000
-4402.000000
-4403.000000
-4414.000000
-4456.000000
-4458.000000
-4408.000000
-4455.000000
-4449.000000
-4398.000000
-4452.000000
-4461.000000
-4410.000000
-4424.000000
-4413.000000
-4411.000000
-4435.000000
-4426.000000
-4383.000000
-4458.000000
-4459.000000
-4400.000000
-4421.000000
-4456.000000
-4464.000000
-4453.000000
-4454.000000
-4422.000000
-4375.000000
-4433.000000
-4462.000000
-4436.000000
-4454.000000
-4463.000000
-4412.000000
-4432.000000
-4469.000000
-4462.000000
-4461.000000
-4461.000000
-4459.000000
-4402.000000
-4462.000000
-4406.000000
-4456.000000
-4452.000000
-4429.000000
-4384.000000
-4444.000000
-4458.000000
-4429.000000
-4459.000000
-4377.000000
-4374.000000
-4453.000000
-4447.000000
-4448.000000
-4433.000000
-4447.000000
-4385.000000
-4458.000000
-4465.000000
-4462.000000
-4405.000000
-4441.000000
-4425.000000
-4435.000000
-4455.000000
-4467.000000
-4457.000000
-4388.000000
-4448.000000
-4371.000000
-4460.000000
-4459.000000
-4457.000000
-4463.000000
-4371.000000
-4451.000000
-4404.000000
-4462.000000
-4349.000000
-4456.000000
-4439.000000
-4412.000000
-4424.000000
-4453.000000
-4425.000000
-4464.000000
-4442.000000
-4460.000000
-4415.000000
-4432.000000
-4459.000000
-4454.000000
-4452.000000
-4430.000000
-4358.000000
-4459.000000
-4293.000000
-4434.000000
-4448.000000
-4400.000000
-4450.000000
-4379.000000
-4407.000000
-4456.000000
-4460.000000
-4428.000000
-4380.000000
-4431.000000
-4460.000000
-4432.000000
-4423.000000
-4456.000000
-4466.000000
-4453.000000
-4454.000000
-4398.000000
-4465.000000
-4379.000000
-4464.000000
-4456.000000
-4360.000000
-4429.000000
-4457.000000
-4461.000000
-4442.000000
-4383.000000
-4434.000000
-4461.000000
-4416.000000
-4405.000000
-4448.000000
-4459.000000
-4455.000000
-4455.000000
-4463.000000
-4404.000000
-4382.000000
-4431.000000
-4463.000000
-4459.000000
-4467.000000
-4376.000000
-4455.000000
-4384.000000
-4458.000000
-4436.000000
-4387.000000
-4454.000000
-4353.000000
-4407.000000
-4461.000000
-4464.000000
-4403.000000
-4466.000000
-4460.000000
-4400.000000
-4320.000000
-4453.000000
-4454.000000
-4449.000000
-4331.000000
-4439.000000
-4378.000000
-4404.000000
-4404.000000
-4384.000000
-4409.000000
-4449.000000
-4401.000000
-4380.000000
-4383.000000
-4434.000000
-4456.000000
-4401.000000
-4382.000000
-4406.000000
-4414.000000
-4428.000000
-4357.000000
-4453.000000
-4437.000000
-4414.000000
-4451.000000
-4439.000000
-4384.000000
-4465.000000
-4368.000000
-4450.000000
-4376.000000
-4426.000000
-4400.000000
-4463.000000
-4437.000000
-4426.000000
-4448.000000
-4409.000000
-4428.000000
-4459.000000
-4463.000000
-4379.000000
-4425.000000
-4466.000000
-4402.000000
-4408.000000
-4455.000000
-4435.000000
-4458.000000
-4455.000000
-4437.000000
-4456.000000
-4335.000000
-4344.000000
-4471.000000
-4456.000000
-4453.000000
-4434.000000
-4442.000000
-4429.000000
-4413.000000
-4432.000000
-4401.000000
-4409.000000
-4449.000000
-4450.000000
-4353.000000
-4396.000000
-4406.000000
-4401.000000
-4403.000000
-4409.000000
-4402.000000
-4292.000000
-4458.000000
-4416.000000
-4463.000000
-4415.000000
-4408.000000
-4384.000000
-4456.000000
-4452.000000
-4332.000000
-4422.000000
-4401.000000
-4435.000000
-4459.000000
-4464.000000
-4415.000000
-4449.000000
-4449.000000
-4408.000000
-4464.000000
-4423.000000
-4455.000000
-4374.000000
-4363.000000
-4409.000000
-4415.000000
-4456.000000
-4398.000000
-4456.000000
-4395.000000
-4460.000000
-4453.000000
-4457.000000
-4425.000000
-4455.000000
-4455.000000
-4454.000000
-4456.000000
-4456.000000
-4456.000000
-4424.000000
-4437.000000
-4353.000000
-4468.000000
-4401.000000
-4401.000000
-4446.000000
-4461.000000
-4454.000000
-4405.000000
-4464.000000
-4453.000000
-4462.000000
-4401.000000
-4355.000000
-4467.000000
-4403.000000
-4465.000000
-4464.000000
-4445.000000
-4434.000000
-4459.000000
-4437.000000
-4452.000000
-4456.000000
-4451.000000
-4450.000000
-4457.000000
-4461.000000
-4430.000000
-4458.000000
-4451.000000
-4373.000000
-4438.000000
-4449.000000
-4407.000000
-4463.000000
-4456.000000
-4455.000000
-4453.000000
-4436.000000
-4422.000000
-4453.000000
-4432.000000
-4403.000000
-4460.000000
-4461.000000
-4431.000000
-4431.000000
-4402.000000
-4458.000000
-4457.000000
-4447.000000
-4451.000000
-4452.000000
-4454.000000
-4462.000000
-4397.000000
-4373.000000
-4474.000000
-4378.000000
-4417.000000
-4460.000000
-4463.000000
-4454.000000
-4449.000000
-4460.000000
-4437.000000
-4432.000000
-4460.000000
-4415.000000
-4430.000000
-4461.000000
-4461.000000
-4452.000000
-4389.000000
-4460.000000
-4409.000000
-4438.000000
-4406.000000
-4355.000000
-4399.000000
-4430.000000
-4462.000000
-4394.000000
-4460.000000
-4400.000000
-4462.000000
-4436.000000
-4467.000000
-4453.000000
-4462.000000
-4446.000000
-4462.000000
-4463.000000
-4392.000000
-4456.000000
-4466.000000
-4410.000000
-4453.000000
-4457.000000
-4363.000000
-4454.000000
-4356.000000
-4456.000000
-4465.000000
-4449.000000
-4453.000000
-4446.000000
-4454.000000
-4382.000000
-4412.000000
-4455.000000
-4456.000000
-4396.000000
-4406.000000
-4457.000000
-4458.000000
-4318.000000
-4399.000000
-4453.000000
-4469.000000
-4449.000000
-4343.000000
-4406.000000
-4450.000000
-4457.000000
-4435.000000
-4467.000000
-4445.000000
-4418.000000
-4423.000000
-4457.000000
-4457.000000
-4410.000000
-4456.000000
-4407.000000
-4327.000000
-4456.000000
-4463.000000
-4464.000000
-4461.000000
-4406.000000
-4428.000000
-4360.000000
-4414.000000
-4396.000000
-4457.000000
-4338.000000
-4458.000000
-4442.000000
-4357.000000
-4385.000000
-4455.000000
-4471.000000
-4402.000000
-4456.000000
-4464.000000
-4461.000000
-4461.000000
-4407.000000
-4386.000000
-4463.000000
-4446.000000
-4395.000000
-4415.000000
-4405.000000
-4459.000000
-4377.000000
-4454.000000
-4453.000000
-4401.000000
-4396.000000
-4409.000000
-4456.000000
-4465.000000
-4401.000000
-4394.000000
-4376.000000
-4430.000000
-4382.000000
-4460.000000
-4383.000000
-4424.000000
-4449.000000
-4425.000000
-4457.000000
-4430.000000
-4460.000000
-4456.000000
-4409.000000
-4460.000000
-4431.000000
-4427.000000
-4465.000000
-4394.000000
-4460.000000
-4449.000000
-4456.000000
-4404.000000
-4448.000000
-4465.000000
-4453.000000
-4455.000000
-4465.000000
-4457.000000
-4427.000000
-4459.000000
-4434.000000
-4402.000000
-4412.000000
-4456.000000
-4374.000000
-4451.000000
-4457.000000
-4429.000000
-4454.000000
-4458.000000
-4457.000000
-4446.000000
-4454.000000
-4395.000000
-4434.000000
-4465.000000
-4421.000000
-4431.000000
-4400.000000
-4402.000000
-4450.000000
-4466.000000
-4458.000000
-4461.000000
-4465.000000
-4443.000000
-4445.000000
-4447.000000
-4437.000000
-4459.000000
-4447.000000
-4460.000000
-4451.000000
-4457.000000
-4435.000000
-4446.000000
-4351.000000
-4359.000000
-4454.000000
-4403.000000
-4449.000000
-4453.000000
-4458.000000
-4457.000000
-4440.000000
-4440.000000
-4380.000000
-4374.000000
-4425.000000
-4435.000000
-4458.000000
-4414.000000
-4457.000000
-4467.000000
-4461.000000
-4431.000000
-4461.000000
-4461.000000
-4348.000000
-4380.000000
-4469.000000
-4460.000000
-4454.000000
-4458.000000
-4454.000000
-4399.000000
-4403.000000
-4408.000000
-4351.000000
-4462.000000
-4402.000000
-4461.000000
-4467.000000
-4459.000000
-4410.000000
-4417.000000
-4398.000000
-4453.000000
-4445.000000
-4453.000000
-4456.000000
-4462.000000
-4460.000000
-4431.000000
-4432.000000
-4455.000000
-4404.000000
-4453.000000
-4459.000000
-4460.000000
-4403.000000
-4381.000000
-4380.000000
-4428.000000
-4458.000000
-4436.000000
-4416.000000
-4438.000000
-4457.000000
-4372.000000
-4459.000000
-4437.000000
-4356.000000
-4451.000000
-4434.000000
-4449.000000
-4451.000000
-4407.000000
-4446.000000
-4456.000000
-4413.000000
-4375.000000
-4457.000000
-4414.000000
-4447.000000
-4375.000000
-4450.000000
-4414.000000
-4454.000000
-4346.000000
-4456.000000
-4405.000000
-4358.000000
-4436.000000
-4458.000000
-4456.000000
-4436.000000
-4457.000000
-4419.000000
-4464.000000
-4458.000000
-4461.000000
-4404.000000
-4463.000000
-4458.000000
-4458.000000
-4442.000000
-4403.000000
-4435.000000
-4402.000000
-4465.000000
-4405.000000
-4437.000000
-4448.000000
-4392.000000
-4358.000000
-4457.000000
-4404.000000
-4405.000000
-4398.000000
-4460.000000
-4453.000000
-4439.000000
-4400.000000
-4455.000000
-4463.000000
-4395.000000
-4465.000000
-4458.000000
-4363.000000
-4428.000000
-4450.000000
-4439.000000
-4465.000000
-4458.000000
-4463.000000
-4400.000000
-4434.000000
-4431.000000
-4445.000000
-4404.000000
-4453.000000
-4446.000000
-4406.000000
-4443.000000
-4360.000000
-4454.000000
-4405.000000
-4431.000000
-4456.000000
-4457.000000
-4437.000000
-4458.000000
-4395.000000
-4405.000000
-4432.000000
-4461.000000
-4408.000000
-4452.000000
-4403.000000
-4410.000000
-4407.000000
-4400.000000
-4408.000000
-4432.000000
-4400.000000
-4381.000000
-4443.000000
-4396.000000
-4455.000000
-4458.000000
-4458.000000
-4465.000000
-4460.000000
-4453.000000
-4460.000000
-4407.000000
-4467.000000
-4398.000000
-4449.000000
-4458.000000
-4469.000000
-4458.000000
-4456.000000
-4423.000000
-4370.000000
-4427.000000
-4433.000000
-4397.000000
-4468.000000
-4431.000000
-4461.000000
-4455.000000
-4420.000000
-4459.000000
-4450.000000
-4433.000000
-4394.000000
-4440.000000
-4406.000000
-4458.000000
-4457.000000
-4400.000000
-4448.000000
-4456.000000
-4450.000000
-4450.000000
-4409.000000
-4449.000000
-4405.000000
-4399.000000
-4459.000000
-4455.000000
-4439.000000
-4370.000000
-4374.000000
-4403.000000
-4450.000000
-4397.000000
-4412.000000
-4379.000000
-4450.000000
-4429.000000
-4403.000000
-4428.000000
-4408.000000
-4458.000000
-4426.000000
-4407.000000
-4356.000000
-4404.000000
-4452.000000
-4461.000000
-4429.000000
-4459.000000
-4427.000000
-4377.000000
-4407.000000
-4405.000000
-4451.000000
-4442.000000
-4425.000000
-4404.000000
-4436.000000
-4424.000000
-4469.000000
-4428.000000
-4446.000000
-4437.000000
-4438.000000
-4420.000000
-4413.000000
-4453.000000
-4468.000000
-4366.000000
-4455.000000
-4459.000000
-4456.000000
-4431.000000
-4426.000000
-4433.000000
-4415.000000
-4387.000000
-4450.000000
-4403.000000
-4410.000000
-4417.000000
-4457.000000
-4423.000000
-4439.000000
-4461.000000
-4435.000000
-4403.000000
-4403.000000
-4455.000000
-4427.000000
-4410.000000
-4456.000000
-4460.000000
-4427.000000
-4402.000000
-4427.000000
-4450.000000
-4426.000000
-4462.000000
-4456.000000
-4433.000000
-4383.000000
-4404.000000
-4464.000000
-4407.000000
-4410.000000
-4461.000000
-4375.000000
-4427.000000
-4392.000000
-4430.000000
-4411.000000
-4413.000000
-4455.000000
-4458.000000
-4459.000000
-4372.000000
-4410.000000
-4460.000000
-4403.000000
-4409.000000
-4444.000000
-4409.000000
-4405.000000
-4406.000000
-4461.000000
-4452.000000
-4406.000000
-4398.000000
-4435.000000
-4440.000000
-4457.000000
-4348.000000
-4466.000000
-4410.000000
-4460.000000
-4400.000000
-4420.000000
-4461.000000
-4462.000000
-4431.000000
-4453.000000
-4458.000000
-4440.000000
-4456.000000
-4421.000000
-4430.000000
-4465.000000
-4380.000000
-4427.000000
-4453.000000
-4424.000000
-4431.000000
-4454.000000
-4462.000000
-4401.000000
-4462.000000
-4450.000000
-4449.000000
-4390.000000
-4407.000000
-4452.000000
-4458.000000
-4408.000000
-4457.000000
-4454.000000
-4466.000000
-4458.000000
-4393.000000
-4411.000000
-4447.000000
-4402.000000
-4447.000000
-4352.000000
-4452.000000
-4427.000000
-4460.000000
-4410.000000
-4441.000000
-4460.000000
-4415.000000
-4397.000000
-4457.000000
-4450.000000
-4464.000000
-4409.000000
-4454.000000
-4461.000000
-4449.000000
-4408.000000
-4435.000000
-4430.000000
-4454.000000
-4372.000000
-4448.000000
-4331.000000
-4429.000000
-4459.000000
-4439.000000
-4404.000000
-4385.000000
-4421.000000
-4450.000000
-4450.000000
-4430.000000
-4425.000000
-4453.000000
-4458.000000
-4452.000000
-4467.000000
-4466.000000
-4409.000000
-4386.000000
-4469.000000
-4431.000000
-4446.000000
-4410.000000
-4375.000000
