-396249.000000
-452782.000000
-411242.000000
-487460.000000
-405556.000000
-422027.000000
-487008.000000
-479460.000000
-483704.000000
-487128.000000
-487527.000000
-484958.000000
-423997.000000
-487479.000000
-487490.000000
-363984.000000
-485702.000000
-443383.000000
-478162.000000
-487497.000000
-453316.000000
-487554.000000
-487517.000000
-440831.000000
-419250.000000
-483772.000000
-487319.000000
-487183.000000
-402226.000000
-455161.000000
-455435.000000
-452078.000000
-475785.000000
-429122.000000
-481862.000000
-485450.000000
-460521.000000
-486716.000000
-487495.000000
-487051.000000
-433729.000000
-426578.000000
-441652.000000
-402740.000000
-446033.000000
-487406.000000
-424471.000000
-480872.000000
-458918.000000
-439459.000000
-480462.000000
-487150.000000
-487397.000000
-443119.000000
-482527.000000
-407548.000000
-487506.000000
-487471.000000
-426859.000000
-309481.000000
-394585.000000
-479168.000000
-487390.000000
-483171.000000
-440519.000000
-396236.000000
-476617.000000
-482540.000000
-487509.000000
-485336.000000
-460569.000000
-455771.000000
-487420.000000
-484630.000000
-487482.000000
-487455.000000
-487470.000000
-466678.000000
-486256.000000
-484242.000000
-400262.000000
-487457.000000
-419004.000000
-487510.000000
-487481.000000
-407980.000000
-487401.000000
-487481.000000
-434588.000000
-446518.000000
-485380.000000
-453574.000000
-484375.000000
-345736.000000
-447977.000000
-486394.000000
-476856.000000
-485070.000000
-405078.000000
-423472.000000
-486610.000000
-312421.000000
-487414.000000
-418485.000000
-454376.000000
-457520.000000
-486611.000000
-487498.000000
-480457.000000
-487506.000000
-487454.000000
-484537.000000
-475525.000000
-487444.000000
-470818.000000
-487394.000000
-480492.000000
-485623.000000
-433581.000000
-443881.000000
-439297.000000
-474924.000000
-425053.000000
-487279.000000
-481692.000000
-482792.000000
-487462.000000
-481876.000000
-477663.000000
-487510.000000
-487486.000000
-487454.000000
-437532.000000
-486190.000000
-484694.000000
-486733.000000
-487414.000000
-479605.000000
-487135.000000
-434852.000000
-453532.000000
-443986.000000
-413034.000000
-484307.000000
-449434.000000
-439881.000000
-386980.000000
-461462.000000
-448676.000000
-487509.000000
-482705.000000
-487157.000000
-420302.000000
-487448.000000
-471337.000000
-486531.000000
-486504.000000
-487485.000000
-454344.000000
-487185.000000
-458571.000000
-487483.000000
-487424.000000
-313543.000000
-485377.000000
-484375.000000
-479922.000000
-480209.000000
-461368.000000
-485708.000000
-438635.000000
-487523.000000
-487470.000000
-487460.000000
-422981.000000
-434785.000000
-463795.000000
-481321.000000
-420884.000000
-487441.000000
-454001.000000
-349476.000000
-443815.000000
-464674.000000
-484359.000000
-485650.000000
-482965.000000
-462150.000000
-487512.000000
-455709.000000
-487319.000000
-486099.000000
-487491.000000
-486426.000000
-486329.000000
-445017.000000
-479193.000000
-346221.000000
-486185.000000
-478745.000000
-487415.000000
-449211.000000
-464877.000000
-454029.000000
-446242.000000
-487514.000000
-487327.000000
-484647.000000
-487506.000000
-339486.000000
-479060.000000
-479203.000000
-480690.000000
-487465.000000
-446623.000000
-487507.000000
-451756.000000
-477790.000000
-482025.000000
-480839.000000
-478807.000000
-485735.000000
-484449.000000
-487127.000000
-478273.000000
-487529.000000
-487413.000000
-461222.000000
-485897.000000
-485703.000000
-479219.000000
-475366.000000
-480528.000000
-483031.000000
-404748.000000
-485359.000000
-454320.000000
-485809.000000
-485858.000000
-483406.000000
-482762.000000
-486998.000000
-471147.000000
-455471.000000
-485307.000000
-339550.000000
-464961.000000
-486274.000000
-482430.000000
-429980.000000
-469988.000000
-457335.000000
-487470.000000
-410682.000000
-473916.000000
-439506.000000
-485083.000000
-487464.000000
-477403.000000
-486638.000000
-422050.000000
-482319.000000
-484747.000000
-486327.000000
-458249.000000
-487510.000000
-487472.000000
-404491.000000
-456506.000000
-457451.000000
-465888.000000
-487446.000000
-309059.000000
-486694.000000
-422289.000000
-440792.000000
-446524.000000
-487192.000000
-486013.000000
-471873.000000
-349565.000000
-466730.000000
-469850.000000
-435355.000000
-486271.000000
-467325.000000
-447052.000000
-463308.000000
-474269.000000
-476943.000000
-358327.000000
-451709.000000
-481384.000000
-475156.000000
-485883.000000
-487458.000000
-487387.000000
-406835.000000
-486053.000000
-430112.000000
-484334.000000
-480755.000000
-455048.000000
-486221.000000
-487493.000000
-456310.000000
-486369.000000
-453970.000000
-453445.000000
-487141.000000
-487389.000000
-486262.000000
-404429.000000
-427226.000000
-451892.000000
-487376.000000
-468440.000000
-460479.000000
-487513.000000
-464365.000000
-485943.000000
-464320.000000
-459082.000000
-334673.000000
-454784.000000
-485534.000000
-428288.000000
-483535.000000
-487429.000000
-487069.000000
-487470.000000
-443562.000000
-467563.000000
-349266.000000
-477253.000000
-477708.000000
-458888.000000
-482639.000000
-474185.000000
-438156.000000
-487178.000000
-450997.000000
-487485.000000
-481705.000000
-445798.000000
-470788.000000
-486829.000000
-487521.000000
-467850.000000
-454151.000000
-439820.000000
-486984.000000
-485111.000000
-453312.000000
-486596.000000
-487444.000000
-444757.000000
-485501.000000
-422486.000000
-437015.000000
-484141.000000
-410548.000000
-453727.000000
-481797.000000
-487190.000000
-440996.000000
-482015.000000
-487486.000000
-483918.000000
-485348.000000
-473519.000000
-485801.000000
-483127.000000
-373424.000000
-487489.000000
-487401.000000
-453966.000000
-481091.000000
-464757.000000
-487145.000000
-434668.000000
-487531.000000
-453861.000000
-478764.000000
-322645.000000
-453111.000000
-391757.000000
-487495.000000
-487483.000000
-467400.000000
-487480.000000
-425400.000000
-487467.000000
-451610.000000
-472959.000000
-481030.000000
-485035.000000
-453624.000000
-474575.000000
-485466.000000
-451005.000000
-482135.000000
-477640.000000
-487465.000000
-475322.000000
-487467.000000
-442760.000000
-383298.000000
-487520.000000
-470069.000000
-487496.000000
-482738.000000
-486529.000000
-487506.000000
-482577.000000
-453229.000000
-445024.000000
-471230.000000
-486964.000000
-465567.000000
-487513.000000
-486165.000000
-464038.000000
-486765.000000
-487221.000000
-465834.000000
-487453.000000
-450929.000000
-484890.000000
-482266.000000
-458717.000000
-432665.000000
-486339.000000
-487474.000000
-484528.000000
-486702.000000
-485081.000000
-487424.000000
-487450.000000
-485304.000000
-487432.000000
-483231.000000
-487380.000000
-459868.000000
-446237.000000
-439122.000000
-487505.000000
-441203.000000
-395027.000000
-481268.000000
-455063.000000
-471763.000000
-464145.000000
-391339.000000
-481554.000000
-486448.000000
-484761.000000
-487397.000000
-461880.000000
-451382.000000
-487483.000000
-449471.000000
-446564.000000
-487408.000000
-482582.000000
-486724.000000
-480967.000000
-379472.000000
-434073.000000
-486036.000000
-479443.000000
-475586.000000
-484245.000000
-487377.000000
-477156.000000
-481244.000000
-453205.000000
-483859.000000
-487399.000000
-455744.000000
-487122.000000
-437940.000000
-357871.000000
-468977.000000
-454435.000000
-445465.000000
-487307.000000
-484911.000000
-487309.000000
-485533.000000
-487478.000000
-487444.000000
-475496.000000
-486880.000000
-486280.000000
-487498.000000
-487397.000000
-343201.000000
-451114.000000
-468453.000000
-441223.000000
-487294.000000
-487451.000000
-485092.000000
-454710.000000
-483832.000000
-483540.000000
-451545.000000
-487375.000000
-350630.000000
-486084.000000
-487492.000000
-483573.000000
-487459.000000
-450944.000000
-481166.000000
-487466.000000
-461442.000000
-461431.000000
-487490.000000
-479738.000000
-486994.000000
-486460.000000
-487481.000000
-483503.000000
-485815.000000
-482588.000000
-448865.000000
-487524.000000
-418377.000000
-466648.000000
-480857.000000
-466556.000000
-487456.000000
-474407.000000
-457033.000000
-487453.000000
-429427.000000
-487292.000000
-483985.000000
-487493.000000
-486901.000000
-416529.000000
-459616.000000
-486966.000000
-485079.000000
-475387.000000
-478431.000000
-487183.000000
-482120.000000
-451704.000000
-453773.000000
-485759.000000
-471315.000000
-468422.000000
-480363.000000
-479539.000000
-464435.000000
-458565.000000
-465293.000000
-452508.000000
-448684.000000
-487468.000000
-457556.000000
-487132.000000
-480221.000000
-473182.000000
-476425.000000
-428162.000000
-487470.000000
-429473.000000
-444252.000000
-438995.000000
-454626.000000
-487286.000000
-487458.000000
-486954.000000
-486936.000000
-425069.000000
-411322.000000
-481398.000000
-487484.000000
-487494.000000
-487461.000000
-487502.000000
-487483.000000
-486455.000000
-471323.000000
-487475.000000
-439055.000000
-486844.000000
-452194.000000
-458201.000000
-487512.000000
-479745.000000
-375283.000000
-484383.000000
-487478.000000
-412336.000000
-484728.000000
-487433.000000
-462162.000000
-424028.000000
-455541.000000
-474968.000000
-484355.000000
-441246.000000
-483986.000000
-483344.000000
-472046.000000
-392641.000000
-484845.000000
-482665.000000
-485824.000000
-484209.000000
-487478.000000
-487437.000000
-462512.000000
-456810.000000
-464861.000000
-460331.000000
-487266.000000
-393628.000000
-450609.000000
-445642.000000
-448970.000000
-407146.000000
-450225.000000
-487432.000000
-484822.000000
-474128.000000
-478548.000000
-479189.000000
-385738.000000
-487508.000000
-455603.000000
-480250.000000
-484552.000000
-455722.000000
-464066.000000
-484096.000000
-487487.000000
-482828.000000
-457802.000000
-487285.000000
-484334.000000
-487443.000000
-479357.000000
-388883.000000
-480218.000000
-376739.000000
-387351.000000
-487489.000000
-462807.000000
-405076.000000
-466360.000000
-487445.000000
-471868.000000
-350914.000000
-459980.000000
-486684.000000
-455037.000000
-487476.000000
-337549.000000
-459907.000000
-487501.000000
-386797.000000
-411390.000000
-487492.000000
-473021.000000
-452931.000000
-487469.000000
-482272.000000
-328071.000000
-481398.000000
-441831.000000
-487508.000000
-460740.000000
-487469.000000
-485288.000000
-468439.000000
-487468.000000
-435166.000000
-487292.000000
-485723.000000
-478216.000000
-459607.000000
-356853.000000
-487425.000000
-487507.000000
-482088.000000
-483835.000000
-487482.000000
-487460.000000
-486757.000000
-486330.000000
-487138.000000
-466175.000000
-483847.000000
-450846.000000
-486265.000000
-487493.000000
-487493.000000
-484359.000000
-478982.000000
-463061.000000
-441692.000000
-482907.000000
-487449.000000
-482082.000000
-482692.000000
-487095.000000
-450209.000000
-487382.000000
-481847.000000
-408936.000000
-486983.000000
-358057.000000
-484377.000000
-401217.000000
-435043.000000
-452280.000000
-473064.000000
-462428.000000
-487071.000000
-458807.000000
-440385.000000
-487537.000000
-487518.000000
-487492.000000
-487508.000000
-477979.000000
-435811.000000
-454728.000000
-487445.000000
-469396.000000
-455776.000000
-484070.000000
-484427.000000
-451383.000000
-486953.000000
-472117.000000
-487355.000000
-486526.000000
-487434.000000
-487488.000000
-486454.000000
-487315.000000
-487492.000000
-483964.000000
-415137.000000
-479226.000000
-487446.000000
-476194.000000
-487448.000000
-487495.000000
-471583.000000
-456118.000000
-481626.000000
-487485.000000
-487485.000000
-487515.000000
-487447.000000
-479352.000000
-487481.000000
-485235.000000
-486115.000000
-461257.000000
-482612.000000
-399934.000000
-487368.000000
-463229.000000
-482201.000000
-487514.000000
-484334.000000
-477203.000000
-364658.000000
-485041.000000
-487517.000000
-483861.000000
-480085.000000
-449018.000000
-430640.000000
-481695.000000
-487507.000000
-486184.000000
-487363.000000
-487426.000000
-487109.000000
-487458.000000
-419385.000000
-485844.000000
-437436.000000
-457775.000000
-483538.000000
-480981.000000
-446276.000000
-487469.000000
-487482.000000
-486356.000000
-486301.000000
-481715.000000
-458965.000000
-458893.000000
-454015.000000
-484931.000000
-483766.000000
-482056.000000
-401609.000000
-442951.000000
-487311.000000
-444648.000000
-450190.000000
-453852.000000
-473885.000000
-477219.000000
-481494.000000
-432214.000000
-449078.000000
-485503.000000
-487091.000000
-412970.000000
-481957.000000
-425925.000000
-486824.000000
-486584.000000
-449471.000000
-483351.000000
-446066.000000
-484794.000000
-482010.000000
-487444.000000
-452489.000000
-455766.000000
-481681.000000
-452581.000000
-453347.000000
-367700.000000
-487479.000000
-418398.000000
-463440.000000
-454131.000000
-487135.000000
-487366.000000
-391968.000000
-387633.000000
-352914.000000
-470991.000000
-482313.000000
-487493.000000
-487409.000000
-482593.000000
-429625.000000
-444939.000000
-487432.000000
-463038.000000
-487485.000000
-465806.000000
-461165.000000
-484777.000000
-469792.000000
-476543.000000
-473532.000000
-487449.000000
-471386.000000
-486576.000000
-449048.000000
-455421.000000
-481367.000000
-487509.000000
-485563.000000
-481838.000000
-359387.000000
-445544.000000
-456765.000000
-446680.000000
-448689.000000
-474654.000000
-403122.000000
-456479.000000
-476802.000000
-483476.000000
-482742.000000
-434386.000000
-482252.000000
-465866.000000
-445530.000000
-460885.000000
-487495.000000
-487438.000000
-483921.000000
-446022.000000
-487481.000000
-470434.000000
-487464.000000
-470826.000000
-487497.000000
-391958.000000
-470265.000000
-487479.000000
-487478.000000
-486769.000000
-449045.000000
-483533.000000
-485284.000000
-447528.000000
-473026.000000
-481536.000000
-485568.000000
-476041.000000
-487468.000000
-441493.000000
-485506.000000
-372299.000000
-484446.000000
-466311.000000
-486941.000000
-445309.000000
-466155.000000
-412626.000000
-487308.000000
-454632.000000
-485181.000000
-458201.000000
-481005.000000
-468591.000000
-487498.000000
-486802.000000
-454665.000000
-479872.000000
-445797.000000
-459571.000000
-436127.000000
-487518.000000
-477317.000000
-482838.000000
-486699.000000
-482574.000000
-487494.000000
-485155.000000
-441251.000000
-475119.000000
-377020.000000
-369162.000000
-443219.000000
-487371.000000
-442801.000000
-444216.000000
-471974.000000
-447488.000000
-485399.000000
-484240.000000
-487366.000000
-450582.000000
-487148.000000
-487115.000000
-452583.000000
-486807.000000
-445430.000000
-447552.000000
-448695.000000
-487325.000000
-439052.000000
-487516.000000
-452711.000000
-487503.000000
-487287.000000
-475465.000000
-483762.000000
-482532.000000
-445016.000000
-482988.000000
-475137.000000
-482011.000000
-386326.000000
-487235.000000
-475654.000000
-487466.000000
-450957.000000
-457507.000000
-468702.000000
-487485.000000
-403358.000000
-487510.000000
-487096.000000
-443593.000000
-486491.000000
-447279.000000
-453830.000000
-396294.000000
-482309.000000
-480448.000000
-487454.000000
-487493.000000
-481751.000000
-487428.000000
-487351.000000
-487484.000000
-480507.000000
-487431.000000
-479867.000000
-478074.000000
-487518.000000
-479535.000000
-453569.000000
-434738.000000
-482022.000000
-487489.000000
-482000.000000
-487460.000000
-487102.000000
-482584.000000
-440817.000000
-383095.000000
-467366.000000
-484301.000000
-453737.000000
-448232.000000
-487418.000000
-484372.000000
-482655.000000
-452784.000000
-487423.000000
-459272.000000
-417701.000000
-463025.000000
-455148.000000
-455806.000000
-487415.000000
-434723.000000
-477545.000000
-469529.000000
-477063.000000
-451338.000000
-484899.000000
-476566.000000
-450233.000000
-477544.000000
-391358.000000
-487187.000000
-386172.000000
-440364.000000
-481943.000000
-487473.000000
-455003.000000
-487475.000000
-483977.000000
-435423.000000
-479471.000000
-486551.000000
-487025.000000
-487380.000000
-487497.000000
-486918.000000
-487462.000000
-342995.000000
-487458.000000
-487518.000000
-485423.000000
-468053.000000
-424963.000000
-452155.000000
-431280.000000
-487494.000000
-487470.000000
-484110.000000
-486214.000000
-485054.000000
-406544.000000
-451961.000000
-456865.000000
-430567.000000
-487368.000000
-487499.000000
-378067.000000
-487511.000000
-487477.000000
-456287.000000
-487494.000000
-487033.000000
-487476.000000
-487542.000000
-487094.000000
-461854.000000
-469819.000000
-459834.000000
-465825.000000
-487528.000000
-486385.000000
-486871.000000
-487497.000000
-487497.000000
-373712.000000
-485825.000000
-470429.000000
-487461.000000
-427292.000000
-485431.000000
-363943.000000
-347501.000000
-483357.000000
-487349.000000
-447476.000000
-487493.000000
-453989.000000
-487386.000000
-473277.000000
-487457.000000
-481298.000000
-472843.000000
-468100.000000
-487501.000000
-487510.000000
-457507.000000
-447879.000000
-481265.000000
-487156.000000
-450754.000000
-455042.000000
-486005.000000
-452574.000000
-451893.000000
-486034.000000
-321653.000000
-440844.000000
-485162.000000
-445999.000000
-478360.000000
-486112.000000
-487420.000000
-487214.000000
-388896.000000
-483154.000000
-485638.000000
-484660.000000
-445344.000000
-487466.000000
-485976.000000
-487216.000000
-411395.000000
-422554.000000
-487459.000000
-480626.000000
-486318.000000
-485493.000000
-449656.000000
-421426.000000
-417055.000000
-469900.000000
-479910.000000
-486865.000000
-430667.000000
-487464.000000
-487488.000000
-487423.000000
-487507.000000
-487451.000000
-487439.000000
-487464.000000
-461115.000000
-487465.000000
-487465.000000
-448723.000000
-487037.000000
-428273.000000
-487458.000000
-487373.000000
-449645.000000
-486754.000000
-449017.000000
-439886.000000
-480769.000000
-444030.000000
-487496.000000
-455197.000000
-487451.000000
-466395.000000
-430864.000000
-449564.000000
-486913.000000
-440776.000000
-487483.000000
-481753.000000
-466421.000000
-478433.000000
-413031.000000
-487501.000000
-487468.000000
-485952.000000
-487445.000000
-487512.000000
-487500.000000
-487490.000000
-445055.000000
-484849.000000
-412094.000000
-481277.000000
-467881.000000
-482203.000000
-462140.000000
-391317.000000
-487392.000000
-408832.000000
-485350.000000
-462826.000000
-474173.000000
-460209.000000
-441779.000000
-487455.000000
-474805.000000
-432306.000000
-470560.000000
-438805.000000
-479714.000000
-485870.000000
-463496.000000
-484890.000000
-487390.000000
-483333.000000
-486646.000000
-487396.000000
-450367.000000
-373846.000000
-487481.000000
-454835.000000
-487499.000000
-442571.000000
-487453.000000
-482127.000000
-401060.000000
-464686.000000
-462541.000000
-481448.000000
-480186.000000
-454111.000000
-470402.000000
-483728.000000
-416714.000000
-480944.000000
-487490.000000
-487463.000000
-485468.000000
-487504.000000
-486611.000000
-487274.000000
-486061.000000
-487533.000000
-449393.000000
-486998.000000
-444455.000000
-484604.000000
-343840.000000
-480856.000000
-487021.000000
-481825.000000
-453743.000000
-487446.000000
-411890.000000
-487462.000000
-484587.000000
-430522.000000
-484836.000000
-487470.000000
-433397.000000
-410746.000000
-479208.000000
-481612.000000
-484716.000000
-476852.000000
-484443.000000
-485171.000000
-449372.000000
-487435.000000
-487531.000000
-487482.000000
-482830.000000
-484464.000000
-445841.000000
-449435.000000
-487466.000000
-487070.000000
-443795.000000
-426598.000000
-459568.000000
-416277.000000
-487496.000000
-481705.000000
-447809.000000
-487500.000000
-487501.000000
-475565.000000
-391920.000000
-484977.000000
-408521.000000
-487486.000000
-487471.000000
-483485.000000
-475394.000000
-439264.000000
-449848.000000
-415823.000000
-458105.000000
-486193.000000
-486870.000000
-446702.000000
-481196.000000
-480884.000000
-479278.000000
-487498.000000
-487497.000000
-487487.000000
-458199.000000
-446545.000000
-480593.000000
-361462.000000
-471433.000000
-375885.000000
-482213.000000
-345137.000000
-471976.000000
-454671.000000
-485802.000000
-435285.000000
-443888.000000
-442967.000000
-421439.000000
-487454.000000
-485930.000000
-396841.000000
-487476.000000
-481986.000000
-373212.000000
-487499.000000
-481102.000000
-451288.000000
-457974.000000
-390723.000000
-474775.000000
-479289.000000
-474005.000000
-451835.000000
-463404.000000
-487462.000000
-471317.000000
-487493.000000
-487509.000000
-445869.000000
-484898.000000
-483100.000000
-487277.000000
-485663.000000
-487242.000000
-436878.000000
-450205.000000
-486464.000000
-486801.000000
-449436.000000
-401615.000000
-437209.000000
-476912.000000
-482702.000000
-485962.000000
-486154.000000
-462838.000000
-455821.000000
-450436.000000
-487383.000000
-459442.000000
-449967.000000
-363549.000000
-443983.000000
-435446.000000
-481077.000000
-482237.000000
-481043.000000
-466953.000000
-487444.000000
-486970.000000
-393800.000000
-487479.000000
-470119.000000
-379876.000000
-479022.000000
-449833.000000
-484107.000000
-484261.000000
-482413.000000
-456127.000000
-483839.000000
-483863.000000
-487423.000000
-477462.000000
-416951.000000
-485790.000000
-475613.000000
-459702.000000
-487507.000000
-487466.000000
-487505.000000
-486522.000000
-486978.000000
-476032.000000
-445793.000000
-481509.000000
-486525.000000
-487193.000000
-453345.000000
-469623.000000
-472893.000000
-487330.000000
-486560.000000
-458804.000000
-484134.000000
-460139.000000
-487041.000000
-484680.000000
-484373.000000
-364795.000000
-481882.000000
-432843.000000
-450204.000000
-487511.000000
-487162.000000
-469234.000000
-484175.000000
-433634.000000
-487500.000000
-459158.000000
-486816.000000
-476973.000000
-480621.000000
-483213.000000
-485481.000000
-487465.000000
-487453.000000
-487174.000000
-487200.000000
-485060.000000
-487300.000000
-421898.000000
-439086.000000
-487354.000000
-487482.000000
-484003.000000
-487459.000000
-482534.000000
-429820.000000
-485925.000000
-460465.000000
-456598.000000
-482808.000000
-484193.000000
-481649.000000
-484278.000000
-451318.000000
-458867.000000
-483607.000000
-452375.000000
-457419.000000
-485809.000000
-486706.000000
-487459.000000
-439864.000000
-441604.000000
-455021.000000
-460211.000000
-487461.000000
-487473.000000
-487474.000000
-481714.000000
-438664.000000
-453099.000000
-483259.000000
-487175.000000
-465270.000000
-487458.000000
-468711.000000
-487486.000000
-436095.000000
-487448.000000
-486027.000000
-484447.000000
-484530.000000
-322227.000000
-431794.000000
-487502.000000
-486577.000000
-487390.000000
-487519.000000
-456225.000000
-415666.000000
-455493.000000
-395770.000000
-435437.000000
-486634.000000
-477668.000000
-454007.000000
-443474.000000
-481365.000000
-464632.000000
-487494.000000
-484418.000000
-340769.000000
-487389.000000
-472262.000000
-406774.000000
-460395.000000
-487432.000000
-487499.000000
-487452.000000
-487467.000000
-483480.000000
-454112.000000
-478946.000000
-483368.000000
-449847.000000
-487369.000000
-479870.000000
-450582.000000
-435914.000000
-456668.000000
-477689.000000
-462826.000000
-487264.000000
-482840.000000
-487471.000000
-461153.000000
-487510.000000
-482662.000000
-487489.000000
-466326.000000
-487445.000000
-466910.000000
-486997.000000
-485749.000000
-483085.000000
-485539.000000
-479188.000000
-474795.000000
-480107.000000
-443730.000000
-487501.000000
-487486.000000
-414264.000000
-451648.000000
-487493.000000
-485329.000000
-479140.000000
-450561.000000
-472093.000000
-487515.000000
-374375.000000
-482707.000000
-454075.000000
-487484.000000
-442623.000000
-412247.000000
-474123.000000
-487489.000000
-449834.000000
-481665.000000
-455090.000000
-486543.000000
-463112.000000
-385601.000000
-487484.000000
-486373.000000
-448121.000000
-445831.000000
-482652.000000
-428269.000000
-487285.000000
-487447.000000
-483888.000000
-483192.000000
-487359.000000
-487329.000000
-453593.000000
-419056.000000
-469979.000000
-487482.000000
-436350.000000
-429880.000000
-478410.000000
-481236.000000
-487288.000000
-487485.000000
-481806.000000
-487515.000000
-485952.000000
-455335.000000
-464109.000000
-486307.000000
-484660.000000
-407583.000000
-475113.000000
-487458.000000
-482765.000000
-446235.000000
-487457.000000
-439239.000000
-482241.000000
-364057.000000
-487479.000000
-440367.000000
-480308.000000
-481471.000000
-444245.000000
-487343.000000
-435941.000000
-477368.000000
-487515.000000
-452174.000000
-463516.000000
-487474.000000
-487493.000000
-487505.000000
-485637.000000
-476885.000000
-481506.000000
-472630.000000
-479519.000000
-474354.000000
-448212.000000
-487484.000000
-450269.000000
-457319.000000
-484302.000000
-487368.000000
-487467.000000
-487475.000000
-485706.000000
-474101.000000
-409926.000000
-400009.000000
-481283.000000
-487290.000000
-466758.000000
-487322.000000
-484353.000000
-476223.000000
-487492.000000
-487135.000000
-487484.000000
-394448.000000
-487425.000000
-459616.000000
-486925.000000
-487501.000000
-455758.000000
-450682.000000
-448778.000000
-487239.000000
-483579.000000
-417792.000000
-460415.000000
-474104.000000
-484041.000000
-419746.000000
-367651.000000
-487437.000000
-487466.000000
-481849.000000
-471657.000000
-460199.000000
-487460.000000
-475320.000000
-482914.000000
-475589.000000
-440404.000000
-468995.000000
-487518.000000
-478804.000000
-487142.000000
-487513.000000
-392624.000000
-487459.000000
-485735.000000
-482142.000000
-472972.000000
-436671.000000
-487444.000000
-487490.000000
-472847.000000
-487461.000000
-487433.000000
-487425.000000
-484822.000000
-473372.000000
-485833.000000
-473510.000000
-479696.000000
-457058.000000
-390768.000000
-443758.000000
-451091.000000
-445627.000000
-412462.000000
-474055.000000
-454109.000000
-445666.000000
-450629.000000
-409522.000000
-478607.000000
-487511.000000
-461824.000000
-475130.000000
-473934.000000
-466162.000000
-484835.000000
-486370.000000
-482233.000000
-479340.000000
-406057.000000
-472547.000000
-396263.000000
-485961.000000
-456815.000000
-487460.000000
-482132.000000
-487182.000000
-487430.000000
-484954.000000
-436850.000000
-469545.000000
-463106.000000
-485997.000000
-483513.000000
-458492.000000
-487515.000000
-457914.000000
-483638.000000
-478206.000000
-487221.000000
-479248.000000
-487477.000000
-478373.000000
-482683.000000
-371974.000000
-479293.000000
-484000.000000
-438938.000000
-485649.000000
-486801.000000
-486855.000000
-471285.000000
-487422.000000
-438565.000000
-455586.000000
-484475.000000
-449240.000000
-487130.000000
-484429.000000
-485720.000000
-450340.000000
-486028.000000
-454298.000000
-484093.000000
-483789.000000
-445698.000000
-444121.000000
-487504.000000
-487424.000000
-473561.000000
-452510.000000
-426916.000000
-439967.000000
-487199.000000
-486757.000000
-487472.000000
-487424.000000
-451752.000000
-460860.000000
-425052.000000
-462878.000000
-482950.000000
-487480.000000
-430667.000000
-470313.000000
-487348.000000
-487507.000000
-487415.000000
-471854.000000
-452352.000000
-487473.000000
-487488.000000
-483049.000000
-408934.000000
-486743.000000
-487504.000000
-436565.000000
-463987.000000
-475064.000000
-398940.000000
-487502.000000
-459689.000000
-337273.000000
-451760.000000
-472227.000000
-366301.000000
-465246.000000
-487516.000000
-434117.000000
-486306.000000
-487491.000000
-486570.000000
-470305.000000
-484502.000000
-456137.000000
-468011.000000
-484122.000000
-487457.000000
-487038.000000
-487497.000000
-442800.000000
-487148.000000
-487478.000000
-424443.000000
-487504.000000
-481891.000000
-487281.000000
-459405.000000
-486666.000000
-449358.000000
-461006.000000
-478249.000000
-487454.000000
-486376.000000
-434837.000000
-485590.000000
-477546.000000
-487265.000000
-487424.000000
-387286.000000
-482814.000000
-478094.000000
-486041.000000
-487306.000000
-317506.000000
-482789.000000
-454000.000000
-476634.000000
-474192.000000
-486450.000000
-484408.000000
-446728.000000
-484737.000000
-477290.000000
-453090.000000
-393155.000000
-450240.000000
-486889.000000
-480077.000000
-486271.000000
-450930.000000
-454706.000000
-438185.000000
-487511.000000
-474473.000000
-486074.000000
-477177.000000
-487410.000000
-399213.000000
-487450.000000
-438209.000000
-486247.000000
-455787.000000
-487431.000000
-460901.000000
-465263.000000
-448685.000000
-487423.000000
-485088.000000
-482144.000000
-481126.000000
-487487.000000
-464115.000000
-452435.000000
-485538.000000
-451887.000000
-487264.000000
-476500.000000
-475378.000000
-472565.000000
-484447.000000
-487503.000000
-435901.000000
-487445.000000
-431261.000000
-481633.000000
-460106.000000
-353975.000000
-460900.000000
-487490.000000
-487519.000000
-434508.000000
-450191.000000
-477862.000000
-473141.000000
-486456.000000
-469790.000000
-373324.000000
-487422.000000
-487293.000000
-487474.000000
-487219.000000
-478880.000000
-484845.000000
-412582.000000
-487372.000000
-441146.000000
-485632.000000
-483491.000000
-451751.000000
-487534.000000
-486126.000000
-487413.000000
-455081.000000
-464772.000000
-486178.000000
-438034.000000
-396811.000000
-432733.000000
-447441.000000
-487482.000000
-487167.000000
-484476.000000
-485854.000000
-435467.000000
-452854.000000
-465101.000000
-460483.000000
-487473.000000
-409486.000000
-473561.000000
-464316.000000
-448660.000000
-482492.000000
-455416.000000
-485251.000000
-487438.000000
-484567.000000
-434072.000000
-487411.000000
-456099.000000
-479202.000000
-472838.000000
-469225.000000
-400233.000000
-386759.000000
-487455.000000
-482985.000000
-469398.000000
-487511.000000
-485760.000000
-464881.000000
-415860.000000
-486726.000000
-486662.000000
-486957.000000
-438813.000000
-486753.000000
-484955.000000
-457886.000000
-417791.000000
-458175.000000
-487431.000000
-483095.000000
-486437.000000
-432703.000000
-487140.000000
-365620.000000
-487376.000000
-444786.000000
-430339.000000
-485741.000000
-482298.000000
-487510.000000
-487218.000000
-473969.000000
-457110.000000
-443873.000000
-478651.000000
-482303.000000
-435382.000000
-479898.000000
-448663.000000
-487404.000000
-479833.000000
-455418.000000
-456532.000000
-482132.000000
-486418.000000
-487459.000000
-453627.000000
-474191.000000
-478029.000000
-487456.000000
-447972.000000
-440381.000000
