-4465.000000
-4467.000000
-4471.000000
-4466.000000
-4470.000000
-4471.000000
-4461.000000
-4470.000000
-4477.000000
-4421.000000
-4405.000000
-4473.000000
-4475.000000
-4468.000000
-4479.000000
-4468.000000
-4421.000000
-4422.000000
-4440.000000
-4471.000000
-4469.000000
-4454.000000
-4462.000000
-4471.000000
-4473.000000
-4416.000000
-4468.000000
-4464.000000
-4468.000000
-4462.000000
-4468.000000
-4472.000000
-4478.000000
-4475.000000
-4475.000000
-4467.000000
-4467.000000
-4476.000000
-4451.000000
-4461.000000
-4468.000000
-4462.000000
-4408.000000
-4463.000000
-4465.000000
-4467.000000
-4464.000000
-4464.000000
-4468.000000
-4470.000000
-4476.000000
-4467.000000
-4468.000000
-4449.000000
-4471.000000
-4418.000000
-4464.000000
-4295.000000
-4470.000000
-4462.000000
-4470.000000
-4476.000000
-4465.000000
-4469.000000
-4469.000000
-4461.000000
-4467.000000
-4451.000000
-4466.000000
-4468.000000
-4475.000000
-4465.000000
-4460.000000
-4414.000000
-4464.000000
-4421.000000
-4472.000000
-4465.000000
-4399.000000
-4469.000000
-4443.000000
-4452.000000
-4474.000000
-4463.000000
-4473.000000
-4463.000000
-4473.000000
-4441.000000
-4476.000000
-4474.000000
-4473.000000
-4471.000000
-4470.000000
-4466.000000
-4456.000000
-4468.000000
-4361.000000
-4467.000000
-4469.000000
-4470.000000
-4465.000000
-4454.000000
-4469.000000
-4473.000000
-4474.000000
-4467.000000
-4475.000000
-4441.000000
-4452.000000
-4468.000000
-4467.000000
-4438.000000
-4452.000000
-4476.000000
-4384.000000
-4422.000000
-4468.000000
-4456.000000
-4470.000000
-4473.000000
-4467.000000
-4465.000000
-4468.000000
-4442.000000
-4469.000000
-4475.000000
-4469.000000
-4468.000000
-4467.000000
-4471.000000
-4452.000000
-4474.000000
-4459.000000
-4421.000000
-4467.000000
-4467.000000
-4398.000000
-4454.000000
-4454.000000
-4470.000000
-4459.000000
-4469.000000
-4468.000000
-4472.000000
-4460.000000
-4466.000000
-4462.000000
-4476.000000
-4463.000000
-4467.000000
-4448.000000
-4469.000000
-4465.000000
-4472.000000
-4474.000000
-4427.000000
-4464.000000
-4461.000000
-4483.000000
-4447.000000
-4471.000000
-4470.000000
-4467.000000
-4460.000000
-4476.000000
-4463.000000
-4403.000000
-4463.000000
-4468.000000
-4467.000000
-4465.000000
-4444.000000
-4468.000000
-4413.000000
-4469.000000
-4437.000000
-4469.000000
-4424.000000
-4465.000000
-4471.000000
-4420.000000
-4464.000000
-4477.000000
-4472.000000
-4462.000000
-4466.000000
-4446.000000
-4476.000000
-4474.000000
-4469.000000
-4468.000000
-4472.000000
-4476.000000
-4471.000000
-4473.000000
-4465.000000
-4447.000000
-4450.000000
-4465.000000
-4459.000000
-4468.000000
-4469.000000
-4462.000000
-4466.000000
-4472.000000
-4414.000000
-4465.000000
-4464.000000
-4474.000000
-4471.000000
-4426.000000
-4472.000000
-4477.000000
-4466.000000
-4466.000000
-4444.000000
-4466.000000
-4421.000000
-4470.000000
-4448.000000
-4474.000000
-4472.000000
-4470.000000
-4455.000000
-4471.000000
-4461.000000
-4458.000000
-4449.000000
-4433.000000
-4460.000000
-4462.000000
-4469.000000
-4471.000000
-4459.000000
-4467.000000
-4447.000000
-4469.000000
-4475.000000
-4474.000000
-4471.000000
-4456.000000
-4454.000000
-4462.000000
-4468.000000
-4471.000000
-4455.000000
-4466.000000
-4460.000000
-4468.000000
-4470.000000
-4476.000000
-4475.000000
-4476.000000
-4468.000000
-4427.000000
-4470.000000
-4442.000000
-4478.000000
-4443.000000
-4468.000000
-4436.000000
-4469.000000
-4411.000000
-4471.000000
-4443.000000
-4468.000000
-4463.000000
-4471.000000
-4458.000000
-4426.000000
-4469.000000
-4461.000000
-4468.000000
-4468.000000
-4469.000000
-4471.000000
-4482.000000
-4450.000000
-4465.000000
-4467.000000
-4460.000000
-4453.000000
-4466.000000
-4462.000000
-4447.000000
-4476.000000
-4443.000000
-4453.000000
-4464.000000
-4472.000000
-4469.000000
-4462.000000
-4479.000000
-4472.000000
-4455.000000
-4470.000000
-4444.000000
-4469.000000
-4466.000000
-4462.000000
-4443.000000
-4451.000000
-4464.000000
-4465.000000
-4470.000000
-4457.000000
-4467.000000
-4460.000000
-4465.000000
-4464.000000
-4465.000000
-4473.000000
-4468.000000
-4455.000000
-4459.000000
-4409.000000
-4464.000000
-4465.000000
-4469.000000
-4460.000000
-4465.000000
-4473.000000
-4463.000000
-4471.000000
-4477.000000
-4453.000000
-4464.000000
-4469.000000
-4472.000000
-4468.000000
-4469.000000
-4466.000000
-4442.000000
-4470.000000
-4466.000000
-4470.000000
-4456.000000
-4461.000000
-4464.000000
-4476.000000
-4467.000000
-4413.000000
-4458.000000
-4468.000000
-4452.000000
-4456.000000
-4470.000000
-4471.000000
-4459.000000
-4464.000000
-4475.000000
-4472.000000
-4444.000000
-4467.000000
-4468.000000
-4460.000000
-4468.000000
-4471.000000
-4412.000000
-4472.000000
-4467.000000
-4459.000000
-4468.000000
-4468.000000
-4471.000000
-4470.000000
-4468.000000
-4472.000000
-4465.000000
-4447.000000
-4445.000000
-4418.000000
-4421.000000
-4416.000000
-4476.000000
-4459.000000
-4468.000000
-4474.000000
-4468.000000
-4459.000000
-4452.000000
-4466.000000
-4463.000000
-4466.000000
-4465.000000
-4466.000000
-4457.000000
-4464.000000
-4468.000000
-4473.000000
-4440.000000
-4468.000000
-4425.000000
-4468.000000
-4445.000000
-4470.000000
-4413.000000
-4469.000000
-4470.000000
-4472.000000
-4476.000000
-4461.000000
-4461.000000
-4465.000000
-4436.000000
-4474.000000
-4463.000000
-4473.000000
-4476.000000
-4471.000000
-4453.000000
-4465.000000
-4471.000000
-4458.000000
-4467.000000
-4439.000000
-4444.000000
-4469.000000
-4469.000000
-4474.000000
-4453.000000
-4470.000000
-4474.000000
-4467.000000
-4468.000000
-4417.000000
-4457.000000
-4447.000000
-4469.000000
-4462.000000
-4466.000000
-4462.000000
-4458.000000
-4465.000000
-4465.000000
-4411.000000
-4391.000000
-4416.000000
-4472.000000
-4463.000000
-4468.000000
-4471.000000
-4467.000000
-4460.000000
-4475.000000
-4471.000000
-4466.000000
-4452.000000
-4469.000000
-4465.000000
-4460.000000
-4472.000000
-4470.000000
-4473.000000
-4468.000000
-4444.000000
-4467.000000
-4463.000000
-4468.000000
-4460.000000
-4477.000000
-4472.000000
-4459.000000
-4450.000000
-4468.000000
-4470.000000
-4407.000000
-4469.000000
-4464.000000
-4459.000000
-4474.000000
-4461.000000
-4460.000000
-4459.000000
-4461.000000
-4468.000000
-4465.000000
-4459.000000
-4466.000000
-4451.000000
-4449.000000
-4418.000000
-4466.000000
-4358.000000
-4464.000000
-4461.000000
-4473.000000
-4474.000000
-4465.000000
-4422.000000
-4450.000000
-4468.000000
-4476.000000
-4472.000000
-4471.000000
-4468.000000
-4467.000000
-4417.000000
-4463.000000
-4453.000000
-4446.000000
-4457.000000
-4464.000000
-4461.000000
-4468.000000
-4467.000000
-4460.000000
-4470.000000
-4472.000000
-4470.000000
-4475.000000
-4458.000000
-4473.000000
-4468.000000
-4469.000000
-4413.000000
-4463.000000
-4450.000000
-4428.000000
-4459.000000
-4466.000000
-4464.000000
-4473.000000
-4451.000000
-4468.000000
-4466.000000
-4408.000000
-4452.000000
-4468.000000
-4447.000000
-4464.000000
-4471.000000
-4439.000000
-4465.000000
-4467.000000
-4470.000000
-4466.000000
-4453.000000
-4475.000000
-4454.000000
-4461.000000
-4473.000000
-4475.000000
-4462.000000
-4455.000000
-4359.000000
-4455.000000
-4419.000000
-4471.000000
-4460.000000
-4471.000000
-4465.000000
-4456.000000
-4476.000000
-4452.000000
-4417.000000
-4467.000000
-4467.000000
-4477.000000
-4466.000000
-4461.000000
-4456.000000
-4473.000000
-4467.000000
-4448.000000
-4467.000000
-4442.000000
-4458.000000
-4473.000000
-4475.000000
-4467.000000
-4466.000000
-4456.000000
-4448.000000
-4473.000000
-4456.000000
-4443.000000
-4468.000000
-4473.000000
-4441.000000
-4474.000000
-4475.000000
-4465.000000
-4468.000000
-4467.000000
-4472.000000
-4470.000000
-4468.000000
-4477.000000
-4471.000000
-4470.000000
-4418.000000
-4463.000000
-4444.000000
-4470.000000
-4477.000000
-4469.000000
-4420.000000
-4465.000000
-4467.000000
-4419.000000
-4473.000000
-4468.000000
-4391.000000
-4473.000000
-4462.000000
-4469.000000
-4474.000000
-4474.000000
-4461.000000
-4468.000000
-4418.000000
-4470.000000
-4475.000000
-4471.000000
-4468.000000
-4458.000000
-4460.000000
-4465.000000
-4459.000000
-4463.000000
-4470.000000
-4463.000000
-4410.000000
-4416.000000
-4465.000000
-4440.000000
-4469.000000
-4464.000000
-4470.000000
-4461.000000
-4444.000000
-4422.000000
-4468.000000
-4463.000000
-4468.000000
-4438.000000
-4474.000000
-4464.000000
-4411.000000
-4430.000000
-4453.000000
-4458.000000
-4478.000000
-4469.000000
-4470.000000
-4461.000000
-4470.000000
-4466.000000
-4463.000000
-4465.000000
-4456.000000
-4467.000000
-4463.000000
-4469.000000
-4471.000000
-4467.000000
-4270.000000
-4472.000000
-4474.000000
-4468.000000
-4458.000000
-4467.000000
-4464.000000
-4477.000000
-4470.000000
-4456.000000
-4468.000000
-4463.000000
-4474.000000
-4474.000000
-4445.000000
-4472.000000
-4468.000000
-4462.000000
-4474.000000
-4475.000000
-4435.000000
-4438.000000
-4467.000000
-4472.000000
-4468.000000
-4471.000000
-4468.000000
-4469.000000
-4473.000000
-4466.000000
-4466.000000
-4470.000000
-4440.000000
-4470.000000
-4459.000000
-4450.000000
-4441.000000
-4416.000000
-4461.000000
-4464.000000
-4467.000000
-4411.000000
-4403.000000
-4467.000000
-4469.000000
-4476.000000
-4462.000000
-4469.000000
-4395.000000
-4438.000000
-4469.000000
-4467.000000
-4466.000000
-4466.000000
-4422.000000
-4444.000000
-4469.000000
-4463.000000
-4462.000000
-4469.000000
-4469.000000
-4453.000000
-4471.000000
-4463.000000
-4464.000000
-4459.000000
-4468.000000
-4465.000000
-4476.000000
-4448.000000
-4470.000000
-4456.000000
-4441.000000
-4446.000000
-4410.000000
-4466.000000
-4468.000000
-4469.000000
-4467.000000
-4476.000000
-4446.000000
-4464.000000
-4467.000000
-4465.000000
-4463.000000
-4475.000000
-4448.000000
-4459.000000
-4466.000000
-4462.000000
-4477.000000
-4471.000000
-4468.000000
-4408.000000
-4470.000000
-4447.000000
-4466.000000
-4408.000000
-4416.000000
-4469.000000
-4469.000000
-4471.000000
-4466.000000
-4440.000000
-4467.000000
-4444.000000
-4408.000000
-4464.000000
-4466.000000
-4459.000000
-4469.000000
-4467.000000
-4471.000000
-4461.000000
-4470.000000
-4467.000000
-4463.000000
-4472.000000
-4411.000000
-4470.000000
-4468.000000
-4444.000000
-4473.000000
-4469.000000
-4458.000000
-4449.000000
-4463.000000
-4473.000000
-4474.000000
-4462.000000
-4473.000000
-4414.000000
-4462.000000
-4466.000000
-4474.000000
-4476.000000
-4466.000000
-4471.000000
-4439.000000
-4464.000000
-4470.000000
-4453.000000
-4469.000000
-4444.000000
-4467.000000
-4464.000000
-4463.000000
-4468.000000
-4438.000000
-4462.000000
-4451.000000
-4467.000000
-4469.000000
-4477.000000
-4460.000000
-4469.000000
-4473.000000
-4434.000000
-4471.000000
-4469.000000
-4473.000000
-4458.000000
-4468.000000
-4451.000000
-4446.000000
-4464.000000
-4470.000000
-4364.000000
-4465.000000
-4466.000000
-4472.000000
-4462.000000
-4468.000000
-4473.000000
-4472.000000
-4442.000000
-4463.000000
-4461.000000
-4470.000000
-4475.000000
-4468.000000
-4464.000000
-4461.000000
-4472.000000
-4472.000000
-4468.000000
-4473.000000
-4457.000000
-4472.000000
-4466.000000
-4461.000000
-4473.000000
-4470.000000
-4363.000000
-4461.000000
-4463.000000
-4432.000000
-4460.000000
-4470.000000
-4411.000000
-4470.000000
-4470.000000
-4464.000000
-4460.000000
-4403.000000
-4471.000000
-4410.000000
-4454.000000
-4459.000000
-4463.000000
-4465.000000
-4466.000000
-4469.000000
-4468.000000
-4457.000000
-4455.000000
-4471.000000
-4469.000000
-4466.000000
-4476.000000
-4466.000000
-4448.000000
-4460.000000
-4469.000000
-4471.000000
-4438.000000
-4463.000000
-4448.000000
-4477.000000
-4468.000000
-4463.000000
-4467.000000
-4458.000000
-4472.000000
-4466.000000
-4469.000000
-4467.000000
-4455.000000
-4462.000000
-4468.000000
-4466.000000
-4397.000000
-4472.000000
-4414.000000
-4470.000000
-4444.000000
-4455.000000
-4408.000000
-4458.000000
-4462.000000
-4473.000000
-4464.000000
-4446.000000
-4441.000000
-4468.000000
-4465.000000
-4469.000000
-4452.000000
-4474.000000
-4470.000000
-4470.000000
-4458.000000
-4468.000000
-4471.000000
-4473.000000
-4410.000000
-4465.000000
-4473.000000
-4473.000000
-4469.000000
-4424.000000
-4467.000000
-4466.000000
-4417.000000
-4471.000000
-4471.000000
-4465.000000
-4453.000000
-4426.000000
-4443.000000
-4463.000000
-4417.000000
-4423.000000
-4473.000000
-4461.000000
-4472.000000
-4466.000000
-4474.000000
-4472.000000
-4477.000000
-4467.000000
-4470.000000
-4452.000000
-4442.000000
-4473.000000
-4468.000000
-4448.000000
-4468.000000
-4464.000000
-4468.000000
-4474.000000
-4468.000000
-4438.000000
-4467.000000
-4470.000000
-4449.000000
-4458.000000
-4468.000000
-4472.000000
-4471.000000
-4473.000000
-4469.000000
-4472.000000
-4409.000000
-4464.000000
-4470.000000
-4475.000000
-4474.000000
-4455.000000
-4467.000000
-4470.000000
-4469.000000
-4473.000000
-4472.000000
-4472.000000
-4467.000000
-4462.000000
-4469.000000
-4477.000000
-4466.000000
-4461.000000
-4474.000000
-4470.000000
-4472.000000
-4467.000000
-4457.000000
-4470.000000
-4412.000000
-4463.000000
-4458.000000
-4470.000000
-4477.000000
-4442.000000
-4462.000000
-4477.000000
-4457.000000
-4447.000000
-4473.000000
-4463.000000
-4463.000000
-4449.000000
-4467.000000
-4474.000000
-4476.000000
-4470.000000
-4454.000000
-4471.000000
-4392.000000
-4467.000000
-4470.000000
-4468.000000
-4470.000000
-4461.000000
-4441.000000
-4459.000000
-4469.000000
-4473.000000
-4460.000000
-4478.000000
-4414.000000
-4438.000000
-4471.000000
-4454.000000
-4465.000000
-4469.000000
-4434.000000
-4463.000000
-4462.000000
-4463.000000
-4446.000000
-4441.000000
-4439.000000
-4465.000000
-4418.000000
-4469.000000
-4454.000000
-4387.000000
-4446.000000
-4461.000000
-4461.000000
-4468.000000
-4464.000000
-4417.000000
-4468.000000
-4386.000000
-4463.000000
-4458.000000
-4467.000000
-4468.000000
-4469.000000
-4473.000000
-4442.000000
-4451.000000
-4428.000000
-4408.000000
-4472.000000
-4466.000000
-4467.000000
-4442.000000
-4465.000000
-4467.000000
-4472.000000
-4441.000000
-4472.000000
-4465.000000
-4468.000000
-4469.000000
-4476.000000
-4449.000000
-4466.000000
-4470.000000
-4451.000000
-4468.000000
-4464.000000
-4473.000000
-4455.000000
-4464.000000
-4452.000000
-4414.000000
-4468.000000
-4447.000000
-4456.000000
-4466.000000
-4424.000000
-4474.000000
-4450.000000
-4468.000000
-4465.000000
-4471.000000
-4473.000000
-4462.000000
-4473.000000
-4473.000000
-4461.000000
-4464.000000
-4455.000000
-4472.000000
-4471.000000
-4452.000000
-4475.000000
-4469.000000
-4465.000000
-4475.000000
-4468.000000
-4444.000000
-4472.000000
-4460.000000
-4466.000000
-4461.000000
-4471.000000
-4459.000000
-4474.000000
-4448.000000
-4468.000000
-4472.000000
-4423.000000
-4463.000000
-4477.000000
-4473.000000
-4464.000000
-4463.000000
-4466.000000
-4471.000000
-4463.000000
-4461.000000
-4463.000000
-4464.000000
-4455.000000
-4464.000000
-4476.000000
-4468.000000
-4471.000000
-4460.000000
-4450.000000
-4469.000000
-4460.000000
-4459.000000
-4464.000000
-4473.000000
-4460.000000
-4466.000000
-4470.000000
-4462.000000
-4472.000000
-4426.000000
-4468.000000
-4470.000000
-4470.000000
-4472.000000
-4473.000000
-4457.000000
-4475.000000
-4456.000000
-4475.000000
-4472.000000
-4466.000000
-4447.000000
-4467.000000
-4457.000000
-4468.000000
-4452.000000
-4470.000000
-4473.000000
-4473.000000
-4473.000000
-4467.000000
-4474.000000
-4466.000000
-4463.000000
-4466.000000
-4462.000000
-4375.000000
-4460.000000
-4466.000000
-4464.000000
-4450.000000
-4467.000000
-4476.000000
-4467.000000
-4469.000000
-4466.000000
-4459.000000
-4478.000000
-4458.000000
-4458.000000
-4469.000000
-4472.000000
-4460.000000
-4469.000000
-4460.000000
-4427.000000
-4476.000000
-4460.000000
-4470.000000
-4462.000000
-4468.000000
-4445.000000
-4462.000000
-4418.000000
-4468.000000
-4473.000000
-4450.000000
-4454.000000
-4475.000000
-4464.000000
-4456.000000
-4437.000000
-4466.000000
-4416.000000
-4464.000000
-4464.000000
-4467.000000
-4442.000000
-4443.000000
-4470.000000
-4448.000000
-4462.000000
-4420.000000
-4459.000000
-4473.000000
-4468.000000
-4472.000000
-4448.000000
-4465.000000
-4458.000000
-4458.000000
-4450.000000
-4464.000000
-4466.000000
-4464.000000
-4465.000000
-4468.000000
-4464.000000
-4473.000000
-4415.000000
-4474.000000
-4469.000000
-4463.000000
-4415.000000
-4468.000000
-4445.000000
-4462.000000
-4459.000000
-4465.000000
-4469.000000
-4451.000000
-4466.000000
-4466.000000
-4471.000000
-4458.000000
-4464.000000
-4467.000000
-4461.000000
-4415.000000
-4463.000000
-4455.000000
-4466.000000
-4474.000000
-4471.000000
-4469.000000
-4474.000000
-4463.000000
-4462.000000
-4473.000000
-4477.000000
-4459.000000
-4462.000000
-4469.000000
-4465.000000
-4448.000000
-4471.000000
-4463.000000
-4473.000000
-4469.000000
-4466.000000
-4464.000000
-4470.000000
-4452.000000
-4470.000000
-4469.000000
-4460.000000
-4465.000000
-4464.000000
-4458.000000
-4466.000000
-4464.000000
-4464.000000
-4465.000000
-4473.000000
-4452.000000
-4461.000000
-4404.000000
-4461.000000
-4417.000000
-4410.000000
-4466.000000
-4444.000000
-4444.000000
-4474.000000
-4467.000000
-4456.000000
-4471.000000
-4463.000000
-4467.000000
-4467.000000
-4469.000000
-4463.000000
-4474.000000
-4448.000000
-4463.000000
-4466.000000
-4464.000000
-4469.000000
-4423.000000
-4469.000000
-4471.000000
-4457.000000
-4439.000000
-4472.000000
-4464.000000
-4446.000000
-4472.000000
-4470.000000
-4469.000000
-4470.000000
-4461.000000
-4469.000000
-4457.000000
-4464.000000
-4412.000000
-4456.000000
-4429.000000
-4471.000000
-4457.000000
-4470.000000
-4473.000000
-4445.000000
-4460.000000
-4446.000000
-4461.000000
-4469.000000
-4469.000000
-4461.000000
-4468.000000
-4473.000000
-4466.000000
-4465.000000
-4466.000000
-4478.000000
-4445.000000
-4353.000000
-4466.000000
-4453.000000
-4465.000000
-4471.000000
-4435.000000
-4463.000000
-4472.000000
-4459.000000
-4474.000000
-4461.000000
-4470.000000
-4467.000000
-4456.000000
-4459.000000
-4449.000000
-4464.000000
-4409.000000
-4472.000000
-4415.000000
-4463.000000
-4467.000000
-4466.000000
-4453.000000
-4470.000000
-4470.000000
-4465.000000
-4455.000000
-4468.000000
-4468.000000
-4447.000000
-4466.000000
-4447.000000
-4389.000000
-4435.000000
-4466.000000
-4467.000000
-4422.000000
-4442.000000
-4470.000000
-4473.000000
-4453.000000
-4467.000000
-4462.000000
-4465.000000
-4449.000000
-4465.000000
-4462.000000
-4464.000000
-4463.000000
-4467.000000
-4407.000000
-4474.000000
-4463.000000
-4464.000000
-4459.000000
-4459.000000
-4437.000000
-4475.000000
-4465.000000
-4412.000000
-4462.000000
-4469.000000
-4416.000000
-4472.000000
-4466.000000
-4449.000000
-4468.000000
-4458.000000
-4415.000000
-4471.000000
-4464.000000
-4473.000000
-4469.000000
-4453.000000
-4476.000000
-4464.000000
-4466.000000
-4420.000000
-4452.000000
-4463.000000
-4471.000000
-4474.000000
-4414.000000
-4468.000000
-4411.000000
-4448.000000
-4466.000000
-4434.000000
-4463.000000
-4469.000000
-4462.000000
-4470.000000
-4470.000000
-4467.000000
-4471.000000
-4464.000000
-4458.000000
-4405.000000
-4461.000000
-4464.000000
-4466.000000
-4472.000000
-4458.000000
-4451.000000
-4462.000000
-4447.000000
-4463.000000
-4474.000000
-4465.000000
-4468.000000
-4465.000000
-4469.000000
-4417.000000
-4463.000000
-4459.000000
-4470.000000
-4468.000000
-4463.000000
-4448.000000
-4469.000000
-4457.000000
-4465.000000
-4420.000000
-4462.000000
-4455.000000
-4413.000000
-4473.000000
-4465.000000
-4459.000000
-4472.000000
-4468.000000
-4402.000000
-4471.000000
-4473.000000
-4460.000000
-4468.000000
-4464.000000
-4448.000000
-4415.000000
-4473.000000
-4464.000000
-4471.000000
-4451.000000
-4471.000000
-4469.000000
-4467.000000
-4425.000000
-4467.000000
-4468.000000
-4467.000000
-4420.000000
-4458.000000
-4456.000000
-4472.000000
-4466.000000
-4460.000000
-4476.000000
-4452.000000
-4463.000000
-4449.000000
-4464.000000
-4461.000000
-4464.000000
-4464.000000
-4466.000000
-4405.000000
-4470.000000
-4473.000000
-4413.000000
-4442.000000
-4455.000000
-4414.000000
-4464.000000
-4469.000000
-4470.000000
-4456.000000
-4450.000000
-4436.000000
-4459.000000
-4460.000000
-4470.000000
-4447.000000
-4467.000000
-4455.000000
-4463.000000
-4460.000000
-4443.000000
-4440.000000
-4472.000000
-4461.000000
-4475.000000
-4476.000000
-4469.000000
-4474.000000
-4395.000000
-4475.000000
-4471.000000
-4474.000000
-4419.000000
-4463.000000
-4467.000000
-4411.000000
-4464.000000
-4466.000000
-4471.000000
-4445.000000
-4444.000000
-4459.000000
-4473.000000
-4460.000000
-4462.000000
-4471.000000
-4460.000000
-4417.000000
-4457.000000
-4470.000000
-4472.000000
-4448.000000
-4475.000000
-4466.000000
-4473.000000
-4450.000000
-4460.000000
-4465.000000
-4466.000000
-4475.000000
-4475.000000
-4469.000000
-4466.000000
-4465.000000
-4456.000000
-4452.000000
-4456.000000
-4470.000000
-4466.000000
-4461.000000
-4472.000000
-4472.000000
-4469.000000
-4459.000000
-4472.000000
-4471.000000
-4469.000000
-4468.000000
-4418.000000
-4472.000000
-4476.000000
-4468.000000
-4470.000000
-4469.000000
-4469.000000
-4469.000000
-4467.000000
-4466.000000
-4468.000000
-4468.000000
-4472.000000
-4472.000000
-4465.000000
-4427.000000
-4468.000000
-4471.000000
-4470.000000
-4450.000000
-4406.000000
-4409.000000
-4466.000000
-4471.000000
-4408.000000
-4446.000000
-4464.000000
-4469.000000
-4440.000000
-4467.000000
-4469.000000
-4444.000000
-4470.000000
-4466.000000
-4461.000000
-4451.000000
-4458.000000
-4446.000000
-4440.000000
-4471.000000
-4472.000000
-4466.000000
-4410.000000
-4468.000000
-4470.000000
-4468.000000
-4447.000000
-4470.000000
-4437.000000
-4466.000000
-4477.000000
-4459.000000
-4449.000000
-4464.000000
-4459.000000
-4466.000000
-4453.000000
-4466.000000
-4471.000000
-4459.000000
-4444.000000
-4473.000000
-4480.000000
-4467.000000
-4469.000000
-4457.000000
-4467.000000
-4468.000000
-4416.000000
-4472.000000
-4458.000000
-4474.000000
-4432.000000
-4469.000000
-4457.000000
-4418.000000
-4472.000000
-4468.000000
-4467.000000
-4445.000000
-4469.000000
-4470.000000
-4456.000000
-4469.000000
-4444.000000
-4464.000000
-4470.000000
-4462.000000
-4465.000000
-4462.000000
-4420.000000
-4442.000000
-4472.000000
-4474.000000
-4462.000000
-4468.000000
-4470.000000
-4458.000000
-4468.000000
-4469.000000
-4417.000000
-4438.000000
-4454.000000
-4468.000000
-4468.000000
-4468.000000
-4470.000000
-4467.000000
-4472.000000
-4456.000000
-4462.000000
-4467.000000
-4467.000000
-4392.000000
-4429.000000
-4460.000000
-4468.000000
-4463.000000
-4416.000000
-4414.000000
-4476.000000
-4458.000000
-4465.000000
-4445.000000
-4449.000000
-4466.000000
-4395.000000
-4446.000000
-4449.000000
-4416.000000
-4470.000000
-4474.000000
-4460.000000
-4471.000000
-4470.000000
-4471.000000
-4472.000000
-4470.000000
-4471.000000
-4474.000000
-4418.000000
-4462.000000
-4470.000000
-4455.000000
-4470.000000
-4460.000000
-4466.000000
-4465.000000
-4457.000000
-4471.000000
-4447.000000
-4467.000000
-4435.000000
-4469.000000
-4465.000000
-4470.000000
-4472.000000
-4455.000000
-4468.000000
-4453.000000
-4459.000000
-4466.000000
-4464.000000
-4464.000000
-4445.000000
-4433.000000
-4471.000000
-4471.000000
-4455.000000
-4467.000000
-4449.000000
-4471.000000
-4457.000000
-4461.000000
-4465.000000
-4462.000000
-4475.000000
-4472.000000
-4467.000000
-4443.000000
-4459.000000
-4464.000000
-4461.000000
-4468.000000
-4457.000000
-4434.000000
-4454.000000
-4392.000000
-4475.000000
-4470.000000
-4417.000000
-4469.000000
-4437.000000
-4464.000000
-4465.000000
-4468.000000
-4468.000000
-4467.000000
-4419.000000
-4467.000000
-4465.000000
-4467.000000
-4470.000000
-4468.000000
-4469.000000
-4472.000000
-4465.000000
-4465.000000
-4472.000000
-4463.000000
-4458.000000
-4475.000000
-4471.000000
-4465.000000
-4448.000000
-4466.000000
-4463.000000
-4449.000000
-4466.000000
-4452.000000
-4471.000000
-4415.000000
-4464.000000
-4475.000000
-4469.000000
-4468.000000
-4475.000000
-4432.000000
-4466.000000
-4465.000000
-4464.000000
-4470.000000
-4320.000000
-4467.000000
-4443.000000
-4460.000000
-4468.000000
-4450.000000
-4469.000000
-4480.000000
-4465.000000
-4461.000000
-4420.000000
-4473.000000
-4412.000000
-4463.000000
-4475.000000
-4470.000000
-4461.000000
-4461.000000
-4453.000000
-4444.000000
-4469.000000
-4453.000000
-4452.000000
-4461.000000
-4470.000000
-4458.000000
-4453.000000
-4421.000000
-4466.000000
-4403.000000
-4460.000000
-4449.000000
-4470.000000
-4464.000000
-4465.000000
-4459.000000
-4474.000000
-4464.000000
-4470.000000
-4460.000000
-4471.000000
-4464.000000
-4388.000000
-4461.000000
-4467.000000
-4469.000000
-4467.000000
-4435.000000
-4474.000000
-4460.000000
-4464.000000
-4459.000000
-4471.000000
-4458.000000
-4466.000000
-4472.000000
-4462.000000
-4467.000000
-4471.000000
-4473.000000
-4464.000000
-4468.000000
-4411.000000
-4465.000000
-4454.000000
-4465.000000
-4466.000000
-4448.000000
-4476.000000
-4471.000000
-4471.000000
-4474.000000
-4457.000000
-4414.000000
-4448.000000
-4472.000000
-4450.000000
-4452.000000
-4411.000000
-4436.000000
-4463.000000
-4460.000000
-4466.000000
-4476.000000
-4462.000000
-4463.000000
-4463.000000
-4467.000000
-4469.000000
-4478.000000
-4464.000000
-4464.000000
-4466.000000
-4478.000000
-4465.000000
-4468.000000
-4468.000000
-4459.000000
-4407.000000
-4468.000000
-4462.000000
-4450.000000
-4455.000000
-4419.000000
-4463.000000
-4464.000000
-4474.000000
-4460.000000
-4464.000000
-4467.000000
-4463.000000
-4462.000000
-4478.000000
-4472.000000
-4463.000000
-4470.000000
-4455.000000
-4442.000000
-4423.000000
-4465.000000
-4443.000000
-4470.000000
-4464.000000
-4470.000000
-4467.000000
-4467.000000
-4475.000000
-4460.000000
-4465.000000
-4461.000000
-4469.000000
-4463.000000
-4467.000000
-4455.000000
-4449.000000
-4415.000000
-4445.000000
-4467.000000
-4470.000000
-4458.000000
-4465.000000
-4471.000000
-4471.000000
-4468.000000
-4462.000000
-4447.000000
-4473.000000
-4465.000000
-4446.000000
-4434.000000
-4443.000000
-4459.000000
-4465.000000
-4474.000000
-4468.000000
-4469.000000
-4464.000000
-4476.000000
-4471.000000
-4461.000000
-4448.000000
-4465.000000
-4478.000000
-4469.000000
-4451.000000
-4449.000000
