-487638.000000
-487581.000000
-487641.000000
-487637.000000
-487545.000000
-487601.000000
-487643.000000
-486993.000000
-487634.000000
-472758.000000
-487630.000000
-487595.000000
-487680.000000
-487548.000000
-487627.000000
-472636.000000
-487599.000000
-487497.000000
-487616.000000
-487612.000000
-487567.000000
-487611.000000
-487670.000000
-487626.000000
-487629.000000
-487627.000000
-487573.000000
-487681.000000
-472680.000000
-487675.000000
-487679.000000
-487592.000000
-487678.000000
-487525.000000
-487656.000000
-487619.000000
-487613.000000
-487685.000000
-487547.000000
-487517.000000
-487623.000000
-487511.000000
-487669.000000
-487640.000000
-487653.000000
-487630.000000
-487570.000000
-487587.000000
-487607.000000
-487537.000000
-487651.000000
-487649.000000
-487621.000000
-487642.000000
-487589.000000
-487610.000000
-487586.000000
-487502.000000
-487628.000000
-487624.000000
-487661.000000
-487654.000000
-487574.000000
-487580.000000
-487617.000000
-472666.000000
-487644.000000
-487643.000000
-487612.000000
-487612.000000
-487617.000000
-476846.000000
-487593.000000
-487582.000000
-487587.000000
-487582.000000
-487582.000000
-487590.000000
-487651.000000
-487502.000000
-487666.000000
-487530.000000
-487647.000000
-472778.000000
-487657.000000
-487584.000000
-487653.000000
-487651.000000
-487499.000000
-487661.000000
-487596.000000
-487682.000000
-487673.000000
-487639.000000
-487625.000000
-487665.000000
-487592.000000
-487651.000000
-487577.000000
-487647.000000
-487591.000000
-487636.000000
-487630.000000
-487563.000000
-487576.000000
-487635.000000
-487653.000000
-487677.000000
-487626.000000
-487591.000000
-487634.000000
-487620.000000
-487603.000000
-472675.000000
-487687.000000
-487598.000000
-487560.000000
-487568.000000
-487651.000000
-487601.000000
-487549.000000
-487560.000000
-487607.000000
-487358.000000
-487644.000000
-487536.000000
-487557.000000
-487581.000000
-487569.000000
-487589.000000
-487531.000000
-487615.000000
-487604.000000
-487658.000000
-487525.000000
-487643.000000
-487633.000000
-487667.000000
-487637.000000
-487611.000000
-487612.000000
-487550.000000
-487646.000000
-487561.000000
-487487.000000
-472727.000000
-487523.000000
-487651.000000
-487639.000000
-487573.000000
-472676.000000
-487540.000000
-487624.000000
-487570.000000
-487683.000000
-487645.000000
-487541.000000
-487632.000000
-472708.000000
-487654.000000
-487602.000000
-487635.000000
-487659.000000
-487562.000000
-487508.000000
-487695.000000
-472721.000000
-487662.000000
-487541.000000
-487573.000000
-487641.000000
-487659.000000
-487668.000000
-487514.000000
-487567.000000
-487648.000000
-487676.000000
-487586.000000
-487599.000000
-472683.000000
-487677.000000
-487648.000000
-487643.000000
-487482.000000
-487607.000000
-487528.000000
-487653.000000
-487588.000000
-487645.000000
-487586.000000
-487556.000000
-487585.000000
-487594.000000
-487573.000000
-487615.000000
-487661.000000
-476773.000000
-487594.000000
-487568.000000
-487495.000000
-487692.000000
-487606.000000
-472735.000000
-487597.000000
-487619.000000
-487590.000000
-487612.000000
-487642.000000
-487630.000000
-487609.000000
-487583.000000
-487632.000000
-487607.000000
-487496.000000
-487546.000000
-487631.000000
-487509.000000
-487521.000000
-487533.000000
-487641.000000
-487563.000000
-487626.000000
-487661.000000
-487648.000000
-487605.000000
-487664.000000
-487612.000000
-487628.000000
-487669.000000
-487561.000000
-487642.000000
-487631.000000
-487637.000000
-487571.000000
-487653.000000
-487358.000000
-487605.000000
-487504.000000
-487667.000000
-487635.000000
-487607.000000
-487569.000000
-487579.000000
-487645.000000
-487581.000000
-487491.000000
-487664.000000
-487612.000000
-487638.000000
-487566.000000
-487649.000000
-487596.000000
-487546.000000
-487663.000000
-487686.000000
-487525.000000
-487579.000000
-487585.000000
-487648.000000
-487410.000000
-487500.000000
-487584.000000
-487682.000000
-487649.000000
-487585.000000
-487616.000000
-487454.000000
-487619.000000
-487531.000000
-487678.000000
-487644.000000
-487633.000000
-487593.000000
-487595.000000
-487588.000000
-487628.000000
-487525.000000
-487586.000000
-487684.000000
-487665.000000
-487607.000000
-487671.000000
-487664.000000
-487503.000000
-487614.000000
-487570.000000
-487682.000000
-487671.000000
-487467.000000
-487568.000000
-487663.000000
-487516.000000
-487628.000000
-487615.000000
-487624.000000
-487578.000000
-487624.000000
-487605.000000
-487646.000000
-487672.000000
-487603.000000
-487544.000000
-487651.000000
-487620.000000
-487478.000000
-487567.000000
-487574.000000
-487582.000000
-487568.000000
-487626.000000
-487639.000000
-487543.000000
-487609.000000
-487535.000000
-487563.000000
-487614.000000
-487568.000000
-487615.000000
-487620.000000
-487666.000000
-487579.000000
-487589.000000
-487504.000000
-487614.000000
-487609.000000
-487675.000000
-487500.000000
-487499.000000
-487563.000000
-487617.000000
-487639.000000
-487684.000000
-487606.000000
-487657.000000
-487544.000000
-487595.000000
-487551.000000
-487364.000000
-487621.000000
-487406.000000
-487595.000000
-487520.000000
-472643.000000
-487597.000000
-487614.000000
-487635.000000
-487695.000000
-487657.000000
-487565.000000
-487581.000000
-487653.000000
-487687.000000
-487671.000000
-487663.000000
-487552.000000
-487638.000000
-487598.000000
-487576.000000
-487615.000000
-487655.000000
-487597.000000
-487624.000000
-487651.000000
-487558.000000
-487587.000000
-487629.000000
-487617.000000
-487483.000000
-487634.000000
-487621.000000
-487597.000000
-472674.000000
-487609.000000
-487619.000000
-487608.000000
-487604.000000
-487619.000000
-487662.000000
-487587.000000
-487612.000000
-487650.000000
-487633.000000
-487627.000000
-487594.000000
-487589.000000
-472706.000000
-487658.000000
-487632.000000
-487504.000000
-487527.000000
-472647.000000
-487655.000000
-487681.000000
-487615.000000
-487636.000000
-487603.000000
-487659.000000
-487448.000000
-472718.000000
-487560.000000
-487499.000000
-487585.000000
-487619.000000
-487647.000000
-487689.000000
-487621.000000
-487646.000000
-487641.000000
-487473.000000
-487672.000000
-487561.000000
-487550.000000
-487649.000000
-487659.000000
-487664.000000
-487640.000000
-487555.000000
-487667.000000
-487501.000000
-487626.000000
-487536.000000
-487676.000000
-487598.000000
-487576.000000
-487627.000000
-487598.000000
-472649.000000
-487638.000000
-487655.000000
-487682.000000
-487548.000000
-487610.000000
-487632.000000
-487603.000000
-487677.000000
-487565.000000
-487560.000000
-487608.000000
-487656.000000
-487650.000000
-487559.000000
-487649.000000
-487523.000000
-487610.000000
-487638.000000
-487570.000000
-487660.000000
-487640.000000
-487593.000000
-487588.000000
-487553.000000
-487513.000000
-487672.000000
-487653.000000
-487649.000000
-487581.000000
-487586.000000
-487612.000000
-487620.000000
-487584.000000
-487589.000000
-487611.000000
-487601.000000
-487621.000000
-487686.000000
-487492.000000
-487644.000000
-487541.000000
-487617.000000
-487540.000000
-487622.000000
-487640.000000
-487670.000000
-487651.000000
-487589.000000
-487654.000000
-487530.000000
-487642.000000
-487675.000000
-487628.000000
-487609.000000
-487577.000000
-487653.000000
-487658.000000
-487641.000000
-487516.000000
-487616.000000
-487611.000000
-487645.000000
-487621.000000
-487589.000000
-487630.000000
-487589.000000
-487641.000000
-487672.000000
-487536.000000
-487523.000000
-487595.000000
-487572.000000
-487618.000000
-487590.000000
-487676.000000
-487645.000000
-472714.000000
-487631.000000
-476729.000000
-487580.000000
-487649.000000
-487573.000000
-487565.000000
-487568.000000
-487596.000000
-487690.000000
-476707.000000
-487603.000000
-487656.000000
-487499.000000
-487562.000000
-487604.000000
-487673.000000
-487551.000000
-487642.000000
-487600.000000
-487654.000000
-487563.000000
-487621.000000
-487542.000000
-487690.000000
-487588.000000
-487605.000000
-487590.000000
-487530.000000
-487636.000000
-487640.000000
-487619.000000
-487618.000000
-487608.000000
-487603.000000
-487594.000000
-487612.000000
-487604.000000
-487552.000000
-487607.000000
-487607.000000
-487563.000000
-487551.000000
-487639.000000
-487688.000000
-487625.000000
-487575.000000
-487551.000000
-487641.000000
-487623.000000
-487620.000000
-487599.000000
-487648.000000
-476814.000000
-487646.000000
-487518.000000
-487610.000000
-487549.000000
-487576.000000
-487628.000000
-487520.000000
-487575.000000
-487611.000000
-487606.000000
-487638.000000
-472600.000000
-487572.000000
-487559.000000
-487439.000000
-487484.000000
-487690.000000
-487671.000000
-487645.000000
-487621.000000
-487651.000000
-487610.000000
-487573.000000
-487704.000000
-472797.000000
-487626.000000
-487627.000000
-487416.000000
-487603.000000
-487653.000000
-487530.000000
-487694.000000
-472708.000000
-487609.000000
-487553.000000
-487490.000000
-487549.000000
-487551.000000
-487566.000000
-487623.000000
-487616.000000
-487671.000000
-487667.000000
-487582.000000
-487576.000000
-487637.000000
-487519.000000
-487657.000000
-487616.000000
-487621.000000
-487600.000000
-487654.000000
-487594.000000
-487628.000000
-487609.000000
-487629.000000
-487632.000000
-487466.000000
-487640.000000
-487641.000000
-487618.000000
-487564.000000
-487606.000000
-487688.000000
-487515.000000
-487604.000000
-487541.000000
-487584.000000
-487631.000000
-487651.000000
-487462.000000
-487685.000000
-487571.000000
-487637.000000
-487647.000000
-487649.000000
-487620.000000
-487575.000000
-487695.000000
-487621.000000
-487669.000000
-487635.000000
-487616.000000
-487546.000000
-487605.000000
-487589.000000
-487600.000000
-472686.000000
-472736.000000
-487589.000000
-487604.000000
-487679.000000
-487529.000000
-487611.000000
-487616.000000
-487562.000000
-487559.000000
-487625.000000
-487665.000000
-487635.000000
-487571.000000
-487574.000000
-487589.000000
-487633.000000
-487559.000000
-487489.000000
-487584.000000
-487581.000000
-487543.000000
-487558.000000
-487630.000000
-472767.000000
-487685.000000
-487584.000000
-487559.000000
-487571.000000
-487539.000000
-487636.000000
-487534.000000
-487556.000000
-487507.000000
-487616.000000
-487604.000000
-487468.000000
-487644.000000
-487629.000000
-487483.000000
-472681.000000
-487603.000000
-487628.000000
-487605.000000
-487623.000000
-487625.000000
-487636.000000
-487645.000000
-487566.000000
-487554.000000
-487646.000000
-487687.000000
-487675.000000
-487586.000000
-487580.000000
-487670.000000
-487628.000000
-487550.000000
-487613.000000
-487630.000000
-487598.000000
-487605.000000
-487647.000000
-487596.000000
-486123.000000
-487572.000000
-487590.000000
-487608.000000
-487615.000000
-487523.000000
-487634.000000
-487649.000000
-487623.000000
-487587.000000
-487531.000000
-487606.000000
-487663.000000
-487638.000000
-487562.000000
-472711.000000
-487515.000000
-461836.000000
-487513.000000
-472732.000000
-487627.000000
-487551.000000
-487641.000000
-487619.000000
-487565.000000
-487666.000000
-487681.000000
-487643.000000
-487505.000000
-487657.000000
-487622.000000
-472697.000000
-487541.000000
-487660.000000
-487637.000000
-487558.000000
-487568.000000
-487619.000000
-487693.000000
-487602.000000
-487577.000000
-487627.000000
-487650.000000
-487497.000000
-487617.000000
-487521.000000
-487543.000000
-487659.000000
-487607.000000
-472693.000000
-487600.000000
-487641.000000
-487573.000000
-487609.000000
-472779.000000
-487590.000000
-487656.000000
-487620.000000
-487651.000000
-487610.000000
-487649.000000
-487669.000000
-487628.000000
-487639.000000
-487581.000000
-487685.000000
-487636.000000
-487636.000000
-487603.000000
-487622.000000
-487629.000000
-487571.000000
-487581.000000
-487662.000000
-487606.000000
-487677.000000
-487539.000000
-487438.000000
-487699.000000
-487648.000000
-487615.000000
-487631.000000
-487595.000000
-487556.000000
-487524.000000
-487583.000000
-487667.000000
-487475.000000
-487611.000000
-487641.000000
-487637.000000
-487581.000000
-487601.000000
-487671.000000
-487595.000000
-487607.000000
-487576.000000
-487668.000000
-487628.000000
-487554.000000
-487663.000000
-487587.000000
-487519.000000
-487558.000000
-487653.000000
-487628.000000
-487661.000000
-487636.000000
-487562.000000
-487620.000000
-487564.000000
-487541.000000
-487652.000000
-487611.000000
-487601.000000
-487614.000000
-487642.000000
-487655.000000
-487582.000000
-487650.000000
-487534.000000
-487526.000000
-472667.000000
-487552.000000
-487682.000000
-487613.000000
-487488.000000
-487635.000000
-487638.000000
-487622.000000
-487590.000000
-487557.000000
-472797.000000
-487605.000000
-487617.000000
-487628.000000
-487611.000000
-487673.000000
-487590.000000
-487626.000000
-487631.000000
-487594.000000
-487680.000000
-487590.000000
-487624.000000
-487622.000000
-487493.000000
-487529.000000
-487610.000000
-487581.000000
-487500.000000
-487623.000000
-487543.000000
-487579.000000
-487570.000000
-487618.000000
-487630.000000
-487609.000000
-487610.000000
-487561.000000
-472691.000000
-487667.000000
-487658.000000
-487588.000000
-487567.000000
-487588.000000
-487587.000000
-487510.000000
-472698.000000
-487650.000000
-487613.000000
-487542.000000
-487647.000000
-487581.000000
-487642.000000
-487544.000000
-487546.000000
-487592.000000
-472785.000000
-487630.000000
-487593.000000
-487593.000000
-472664.000000
-472616.000000
-487584.000000
-487573.000000
-487560.000000
-487667.000000
-487552.000000
-487618.000000
-487595.000000
-487485.000000
-487594.000000
-487604.000000
-487594.000000
-487654.000000
-487581.000000
-487628.000000
-487626.000000
-487560.000000
-487450.000000
-487571.000000
-487576.000000
-487570.000000
-487602.000000
-487597.000000
-487627.000000
-487578.000000
-487579.000000
-487621.000000
-487477.000000
-487580.000000
-487620.000000
-487630.000000
-461846.000000
-487656.000000
-487645.000000
-487646.000000
-487652.000000
-487618.000000
-487528.000000
-487563.000000
-487600.000000
-487587.000000
-487596.000000
-487686.000000
-487478.000000
-487639.000000
-487651.000000
-487619.000000
-487607.000000
-487602.000000
-476813.000000
-472751.000000
-486841.000000
-487673.000000
-487643.000000
-487652.000000
-487626.000000
-487589.000000
-487605.000000
-487619.000000
-487611.000000
-487653.000000
-487568.000000
-487655.000000
-487608.000000
-487512.000000
-487603.000000
-487527.000000
-487645.000000
-487582.000000
-487587.000000
-487606.000000
-487640.000000
-487574.000000
-487579.000000
-487568.000000
-487528.000000
-487653.000000
-487581.000000
-487519.000000
-487630.000000
-487638.000000
-487649.000000
-487665.000000
-487574.000000
-487677.000000
-487520.000000
-487593.000000
-487532.000000
-487655.000000
-487542.000000
-487592.000000
-487655.000000
-487574.000000
-487614.000000
-487545.000000
-472601.000000
-487612.000000
-487641.000000
-487565.000000
-487597.000000
-487574.000000
-487510.000000
-487649.000000
-487672.000000
-487631.000000
-487567.000000
-487550.000000
-487602.000000
-487628.000000
-487657.000000
-487651.000000
-487583.000000
-487649.000000
-487609.000000
-487597.000000
-487567.000000
-487553.000000
-487595.000000
-487667.000000
-487576.000000
-487676.000000
-487631.000000
-487549.000000
-487628.000000
-487603.000000
-472608.000000
-487570.000000
-487574.000000
-487615.000000
-487669.000000
-487586.000000
-487678.000000
-487596.000000
-487550.000000
-487588.000000
-487691.000000
-487523.000000
-487615.000000
-487685.000000
-487676.000000
-472700.000000
-487517.000000
-487450.000000
-487577.000000
-487661.000000
-487619.000000
-487582.000000
-487534.000000
-487530.000000
-487602.000000
-487611.000000
-487609.000000
-487657.000000
-487515.000000
-487561.000000
-487575.000000
-487497.000000
-487667.000000
-487634.000000
-487651.000000
-472628.000000
-487661.000000
-487552.000000
-472644.000000
-487618.000000
-487661.000000
-487652.000000
-487636.000000
-487594.000000
-487676.000000
-487629.000000
-487620.000000
-487539.000000
-487633.000000
-487653.000000
-487598.000000
-487652.000000
-472705.000000
-472620.000000
-487476.000000
-487662.000000
-487639.000000
-487655.000000
-487671.000000
-472669.000000
-486872.000000
-487647.000000
-487584.000000
-487614.000000
-487599.000000
-487604.000000
-487592.000000
-487559.000000
-487573.000000
-487522.000000
-487501.000000
-487695.000000
-487586.000000
-487627.000000
-487636.000000
-487689.000000
-487563.000000
-487597.000000
-487647.000000
-487577.000000
-487505.000000
-487626.000000
-487676.000000
-487514.000000
-487585.000000
-487486.000000
-487565.000000
-487669.000000
-487579.000000
-487553.000000
-487601.000000
-487599.000000
-487639.000000
-487533.000000
-487624.000000
-487591.000000
-487577.000000
-487581.000000
-487581.000000
-487548.000000
-487659.000000
-487529.000000
-487626.000000
-487636.000000
-487658.000000
-487621.000000
-487606.000000
-487630.000000
-487665.000000
-487543.000000
-472608.000000
-487635.000000
-487671.000000
-487615.000000
-487630.000000
-487685.000000
-487595.000000
-487479.000000
-487631.000000
-487585.000000
-487653.000000
-487566.000000
-487631.000000
-487661.000000
-487641.000000
-487650.000000
-487562.000000
-487657.000000
-487629.000000
-487565.000000
-487498.000000
-487496.000000
-487616.000000
-487665.000000
-487605.000000
-486950.000000
-487613.000000
-487466.000000
-487532.000000
-487548.000000
-487648.000000
-487653.000000
-487615.000000
-472629.000000
-487594.000000
-487676.000000
-487551.000000
-487588.000000
-487638.000000
-487622.000000
-487659.000000
-487662.000000
-487614.000000
-487627.000000
-472694.000000
-487571.000000
-487598.000000
-487639.000000
-487651.000000
-487671.000000
-487654.000000
-487598.000000
-487623.000000
-487661.000000
-486953.000000
-487536.000000
-487580.000000
-487448.000000
-487613.000000
-487608.000000
-487462.000000
-487679.000000
-487688.000000
-487638.000000
-487600.000000
-487590.000000
-487638.000000
-472745.000000
-487621.000000
-487539.000000
-472670.000000
-487572.000000
-487675.000000
-487574.000000
-487642.000000
-487619.000000
-487616.000000
-487658.000000
-487603.000000
-472670.000000
-487666.000000
-487571.000000
-487602.000000
-487621.000000
-487592.000000
-472708.000000
-487659.000000
-487591.000000
-472650.000000
-487628.000000
-487623.000000
-487502.000000
-487666.000000
-487610.000000
-487542.000000
-487644.000000
-487602.000000
-487621.000000
-487558.000000
-487625.000000
-487604.000000
-487511.000000
-487568.000000
-487639.000000
-487642.000000
-487582.000000
-487588.000000
-487691.000000
-487651.000000
-487687.000000
-487477.000000
-487547.000000
-487582.000000
-487665.000000
-487568.000000
-487554.000000
-487659.000000
-487626.000000
-487582.000000
-487651.000000
-487624.000000
-487627.000000
-487609.000000
-487666.000000
-487578.000000
-487574.000000
-487597.000000
-487591.000000
-487545.000000
-487563.000000
-472646.000000
-487565.000000
-487451.000000
-487667.000000
-487548.000000
-487592.000000
-472679.000000
-487633.000000
-487581.000000
-487593.000000
-487623.000000
-487691.000000
-472701.000000
-487592.000000
-487687.000000
-487594.000000
-487605.000000
-487597.000000
-487616.000000
-487583.000000
-487602.000000
-487615.000000
-487655.000000
-487506.000000
-487603.000000
-487654.000000
-487565.000000
-487665.000000
-487592.000000
-487624.000000
-472652.000000
-487546.000000
-487638.000000
-487667.000000
-487657.000000
-487569.000000
-487590.000000
-487586.000000
-487642.000000
-487616.000000
-487519.000000
-487626.000000
-487635.000000
-487661.000000
-487659.000000
-487595.000000
-487533.000000
-487686.000000
-487613.000000
-487670.000000
-487617.000000
-487562.000000
-487606.000000
-487618.000000
-487671.000000
-472741.000000
-487594.000000
-487636.000000
-487654.000000
-487659.000000
-487683.000000
-487598.000000
-487566.000000
-487659.000000
-487582.000000
-487494.000000
-487596.000000
-487607.000000
-487557.000000
-487639.000000
-487663.000000
-487626.000000
-487598.000000
-487667.000000
-476862.000000
-487569.000000
-487571.000000
-472667.000000
-487545.000000
-487657.000000
-487432.000000
-486912.000000
-487612.000000
-487694.000000
-487498.000000
-487570.000000
-487621.000000
-487600.000000
-487634.000000
-487581.000000
-487562.000000
-487646.000000
-487657.000000
-487595.000000
-487636.000000
-487687.000000
-487656.000000
-487663.000000
-487654.000000
-487573.000000
-487531.000000
-487541.000000
-487584.000000
-487668.000000
-487679.000000
-487661.000000
-487691.000000
-487540.000000
-487527.000000
-487636.000000
-487509.000000
-487676.000000
-487606.000000
-487565.000000
-487511.000000
-487676.000000
-472684.000000
-487610.000000
-487581.000000
-487622.000000
-487684.000000
-487577.000000
-487613.000000
-487654.000000
-487591.000000
-487602.000000
-472736.000000
-487437.000000
-487614.000000
-472743.000000
-487605.000000
-487565.000000
-487636.000000
-487534.000000
-487589.000000
-487570.000000
-487516.000000
-487609.000000
-487539.000000
-487626.000000
-487661.000000
-487685.000000
-487630.000000
-487508.000000
-472644.000000
-487604.000000
-487569.000000
-487614.000000
-487689.000000
-487654.000000
-487633.000000
-472783.000000
-487669.000000
-472658.000000
-487601.000000
-487642.000000
-487696.000000
-487601.000000
-487666.000000
-487523.000000
-487602.000000
-487640.000000
-487575.000000
-487661.000000
-487613.000000
-487558.000000
-487602.000000
-487603.000000
-487648.000000
-487659.000000
-487653.000000
-487577.000000
-487687.000000
-487666.000000
-472694.000000
-487565.000000
-487648.000000
-487502.000000
-487528.000000
-487663.000000
-487586.000000
-487668.000000
-487603.000000
-487393.000000
-487631.000000
-487624.000000
-487643.000000
-487679.000000
-487590.000000
-487603.000000
-487639.000000
-487650.000000
-487628.000000
-487427.000000
-487591.000000
-487620.000000
-487659.000000
-487688.000000
-472683.000000
-487632.000000
-487683.000000
-487687.000000
-487651.000000
-487650.000000
-487573.000000
-487548.000000
-487374.000000
-487580.000000
-487683.000000
-487613.000000
-487672.000000
-487566.000000
-487646.000000
-487671.000000
-487617.000000
-487610.000000
-487582.000000
-487558.000000
-487620.000000
-487635.000000
-487629.000000
-487668.000000
-487537.000000
-487599.000000
-487465.000000
-487580.000000
-487623.000000
-487624.000000
-487617.000000
-487696.000000
-487589.000000
-487476.000000
-487598.000000
-487540.000000
-487627.000000
-487695.000000
-487641.000000
-487565.000000
-487567.000000
-487682.000000
-487681.000000
-487635.000000
-487576.000000
-476771.000000
-487614.000000
-487665.000000
-487634.000000
-487580.000000
-487584.000000
-487649.000000
-487667.000000
-487646.000000
-487610.000000
-487573.000000
-487641.000000
-487461.000000
-487578.000000
-487667.000000
-487688.000000
-487585.000000
-487567.000000
-487546.000000
-487637.000000
-487615.000000
-487638.000000
-487550.000000
-487606.000000
-472761.000000
-487620.000000
-487614.000000
-487553.000000
-487616.000000
-487612.000000
-487498.000000
-487654.000000
-487693.000000
-487597.000000
-487493.000000
-487568.000000
-487634.000000
-487592.000000
-487644.000000
-487607.000000
-487616.000000
-487509.000000
-487626.000000
-487613.000000
-487550.000000
-487678.000000
-487635.000000
-487646.000000
-487652.000000
-487687.000000
-487605.000000
-472683.000000
-487697.000000
-487617.000000
-487636.000000
-487642.000000
-487439.000000
-487392.000000
-487624.000000
-487690.000000
-487513.000000
-487617.000000
-487486.000000
-487624.000000
-487600.000000
-487659.000000
-487622.000000
-487643.000000
-487583.000000
-487603.000000
-487597.000000
-487668.000000
-487596.000000
-487498.000000
-487626.000000
-487592.000000
-487666.000000
-487496.000000
-487639.000000
-487641.000000
-472690.000000
-487618.000000
-487632.000000
-487570.000000
-487661.000000
-487554.000000
-487666.000000
-487503.000000
-472715.000000
-487594.000000
-487472.000000
-487600.000000
-487667.000000
-487575.000000
-487567.000000
-487619.000000
-487633.000000
-487546.000000
-487622.000000
-487663.000000
-487547.000000
-487636.000000
-487638.000000
-487565.000000
-487627.000000
-487628.000000
-487593.000000
-487522.000000
-487570.000000
-487566.000000
-487420.000000
-487640.000000
-487642.000000
-487598.000000
-487544.000000
-487620.000000
-487598.000000
-472642.000000
-487581.000000
-472647.000000
-487658.000000
-487617.000000
-487678.000000
-487636.000000
-487573.000000
-487602.000000
-487683.000000
-487464.000000
-487581.000000
-487630.000000
-487581.000000
-487670.000000
-487550.000000
-472715.000000
-487569.000000
-487619.000000
-487404.000000
-487613.000000
-487641.000000
-487619.000000
-487620.000000
-487689.000000
-487645.000000
-487619.000000
-487669.000000
-487583.000000
-487609.000000
-487627.000000
-487657.000000
-487648.000000
-487673.000000
-487657.000000
-487659.000000
-487645.000000
-487620.000000
-487556.000000
-487452.000000
-487613.000000
-487675.000000
-487593.000000
-472729.000000
-487596.000000
-487621.000000
-487659.000000
-487662.000000
-487559.000000
-487648.000000
-486994.000000
-487656.000000
-487641.000000
-487617.000000
-487597.000000
-487626.000000
-487609.000000
-487565.000000
-487703.000000
-487498.000000
-487667.000000
-487620.000000
-487572.000000
-487542.000000
-487636.000000
-487654.000000
-487666.000000
-487520.000000
-487675.000000
-487604.000000
-487664.000000
-487683.000000
-487433.000000
-487646.000000
-487599.000000
-487603.000000
-487587.000000
-487570.000000
-472706.000000
-487641.000000
-487620.000000
-487647.000000
-487663.000000
-487679.000000
-487665.000000
-487685.000000
-487670.000000
-487577.000000
-487653.000000
-487612.000000
-487603.000000
-487576.000000
-487554.000000
-487581.000000
-487518.000000
-487673.000000
-487573.000000
-487644.000000
-487624.000000
-487530.000000
-487660.000000
-487682.000000
-487608.000000
-472781.000000
-487585.000000
-487531.000000
-487555.000000
-487634.000000
-487487.000000
-487656.000000
-487647.000000
-487587.000000
-487549.000000
-487551.000000
-487662.000000
-487644.000000
-487603.000000
-487585.000000
-487651.000000
-487576.000000
-487666.000000
-487482.000000
-487681.000000
-487660.000000
-487673.000000
-487649.000000
-487589.000000
-487620.000000
-487578.000000
-487676.000000
-487520.000000
-472679.000000
-487524.000000
-487621.000000
-472732.000000
-487656.000000
-487640.000000
-487532.000000
-487565.000000
-487607.000000
-487683.000000
-487529.000000
-487657.000000
-487591.000000
-487657.000000
-487668.000000
-487622.000000
-487616.000000
-487592.000000
-487635.000000
-487572.000000
-486845.000000
-486857.000000
-487635.000000
-487658.000000
-487668.000000
-487580.000000
-487609.000000
-487605.000000
-487602.000000
-487526.000000
-487602.000000
-487544.000000
-487564.000000
-487655.000000
-487446.000000
-487503.000000
-487655.000000
-487683.000000
-472676.000000
-487494.000000
-487577.000000
-487639.000000
-487647.000000
-487637.000000
-487579.000000
-476775.000000
-487645.000000
-487675.000000
-487609.000000
-487652.000000
-487630.000000
-487608.000000
-487689.000000
-487669.000000
-487587.000000
-487632.000000
-487638.000000
-487562.000000
-487533.000000
-487583.000000
-487657.000000
-487625.000000
-487590.000000
-487610.000000
-487634.000000
-487547.000000
-487525.000000
-487587.000000
-487581.000000
-487559.000000
-487542.000000
-487622.000000
-487612.000000
-487616.000000
-487643.000000
-487640.000000
-472532.000000
-487645.000000
-487587.000000
-487588.000000
-487645.000000
-487530.000000
-487615.000000
-487612.000000
-487610.000000
-487585.000000
-487670.000000
-487605.000000
-487608.000000
-487505.000000
-487599.000000
-487593.000000
-487612.000000
-487572.000000
-472681.000000
-487671.000000
-487566.000000
-487633.000000
-487603.000000
-487670.000000
-487604.000000
-487635.000000
-487581.000000
-487677.000000
-487545.000000
-487655.000000
-487673.000000
-487621.000000
-487596.000000
-487550.000000
-487608.000000
-487633.000000
-487685.000000
-487631.000000
-487683.000000
-487588.000000
-487499.000000
-487585.000000
-487623.000000
-487571.000000
-487578.000000
-487672.000000
-487651.000000
-487555.000000
-487632.000000
-472757.000000
-487575.000000
-487636.000000
-487646.000000
-487598.000000
-487527.000000
-487675.000000
-487690.000000
-487601.000000
-487625.000000
-487579.000000
-487630.000000
-487578.000000
-487605.000000
-487617.000000
-487596.000000
-487668.000000
-487543.000000
-487578.000000
-487626.000000
-487636.000000
-487582.000000
-487565.000000
-487653.000000
-487582.000000
-487514.000000
-487630.000000
-487658.000000
-487632.000000
-487596.000000
-487557.000000
-487692.000000
-487678.000000
-487667.000000
-487665.000000
-487590.000000
-487658.000000
-487677.000000
-487609.000000
-487543.000000
-487545.000000
-487569.000000
-487607.000000
-487653.000000
-487553.000000
-487574.000000
-487584.000000
-487554.000000
-487523.000000
-487559.000000
-487538.000000
-487644.000000
-487657.000000
-487553.000000
-487608.000000
-487573.000000
-487663.000000
-487627.000000
-487596.000000
-487631.000000
-487676.000000
-487560.000000
-487546.000000
-487575.000000
-487552.000000
-487552.000000
-487526.000000
-487576.000000
-487640.000000
-487709.000000
-487604.000000
-487609.000000
-487629.000000
-487657.000000
-487647.000000
-487576.000000
-487661.000000
-487610.000000
-487569.000000
-487630.000000
-487573.000000
-487616.000000
-487561.000000
-487554.000000
-487564.000000
-487603.000000
-487608.000000
-487655.000000
-487659.000000
-487547.000000
-487591.000000
-487645.000000
-487621.000000
-487531.000000
-487481.000000
-472712.000000
-487592.000000
-487646.000000
-487669.000000
-487656.000000
-487667.000000
-487585.000000
-472682.000000
-487580.000000
-487666.000000
-472712.000000
-487606.000000
-487605.000000
-487613.000000
-487643.000000
-487644.000000
-487650.000000
-487584.000000
-487640.000000
-487656.000000
-487559.000000
-487614.000000
-487596.000000
-487583.000000
-487649.000000
-487410.000000
-487648.000000
-487608.000000
-487589.000000
-487582.000000
-487561.000000
-487576.000000
-487619.000000
