-19077.000000
-19232.000000
-19241.000000
-18995.000000
-19233.000000
-19234.000000
-19220.000000
-18740.000000
-19118.000000
-19179.000000
-19220.000000
-18991.000000
-18757.000000
-19069.000000
-19206.000000
-19232.000000
-19147.000000
-19234.000000
-19208.000000
-18934.000000
-19129.000000
-19246.000000
-19235.000000
-19237.000000
-19055.000000
-18638.000000
-19243.000000
-19219.000000
-19220.000000
-19226.000000
-19134.000000
-19245.000000
-19229.000000
-19234.000000
-19222.000000
-18446.000000
-19227.000000
-19214.000000
-19233.000000
-19241.000000
-19206.000000
-19217.000000
-19235.000000
-19204.000000
-19170.000000
-19230.000000
-19231.000000
-19144.000000
-19247.000000
-19212.000000
-19205.000000
-19057.000000
-19203.000000
-19207.000000
-19033.000000
-19211.000000
-19190.000000
-19216.000000
-19229.000000
-19215.000000
-19213.000000
-19214.000000
-19215.000000
-19032.000000
-19237.000000
-19216.000000
-19144.000000
-19226.000000
-19224.000000
-19204.000000
-19245.000000
-19236.000000
-19124.000000
-19100.000000
-19243.000000
-19229.000000
-19175.000000
-19230.000000
-19216.000000
-19202.000000
-19195.000000
-19228.000000
-19225.000000
-19217.000000
-19211.000000
-19187.000000
-19218.000000
-19219.000000
-19216.000000
-19236.000000
-19062.000000
-19213.000000
-19072.000000
-19240.000000
-18640.000000
-19221.000000
-19221.000000
-19228.000000
-19036.000000
-19123.000000
-19187.000000
-19212.000000
-19226.000000
-19222.000000
-18890.000000
-19212.000000
-19213.000000
-19214.000000
-19201.000000
-19231.000000
-19045.000000
-19149.000000
-19106.000000
-19239.000000
-19042.000000
-19236.000000
-19216.000000
-19224.000000
-19226.000000
-19217.000000
-19233.000000
-19222.000000
-19221.000000
-19210.000000
-19219.000000
-19228.000000
-18894.000000
-19224.000000
-19256.000000
-19234.000000
-19231.000000
-19122.000000
-19229.000000
-19225.000000
-19232.000000
-19222.000000
-19051.000000
-19199.000000
-19233.000000
-19207.000000
-19191.000000
-19197.000000
-19221.000000
-19220.000000
-19225.000000
-19237.000000
-19207.000000
-19194.000000
-19221.000000
-19143.000000
-19205.000000
-19235.000000
-19222.000000
-19060.000000
-19224.000000
-19225.000000
-19196.000000
-19206.000000
-19230.000000
-19182.000000
-19231.000000
-19121.000000
-19221.000000
-19234.000000
-19234.000000
-18996.000000
-19177.000000
-19231.000000
-19226.000000
-19216.000000
-19199.000000
-19065.000000
-19232.000000
-19233.000000
-19236.000000
-19246.000000
-19238.000000
-19026.000000
-19187.000000
-19228.000000
-19216.000000
-19239.000000
-19238.000000
-19226.000000
-19180.000000
-19206.000000
-19196.000000
-19216.000000
-19225.000000
-19226.000000
-19235.000000
-19190.000000
-19227.000000
-19230.000000
-19235.000000
-19223.000000
-19208.000000
-19232.000000
-19234.000000
-19231.000000
-19223.000000
-19239.000000
-19216.000000
-19070.000000
-19228.000000
-19192.000000
-19211.000000
-19228.000000
-19037.000000
-19211.000000
-19229.000000
-19230.000000
-19063.000000
-19236.000000
-19233.000000
-19235.000000
-19205.000000
-19233.000000
-19215.000000
-18940.000000
-19154.000000
-19226.000000
-19045.000000
-19083.000000
-19219.000000
-19235.000000
-19224.000000
-19249.000000
-19160.000000
-19212.000000
-19211.000000
-19043.000000
-19225.000000
-19184.000000
-19236.000000
-19210.000000
-19182.000000
-19173.000000
-19224.000000
-19219.000000
-19110.000000
-19217.000000
-19219.000000
-18991.000000
-19166.000000
-18899.000000
-19234.000000
-19216.000000
-19060.000000
-18971.000000
-19175.000000
-19134.000000
-19222.000000
-19243.000000
-19183.000000
-19235.000000
-19244.000000
-19236.000000
-19205.000000
-19227.000000
-19173.000000
-19106.000000
-19210.000000
-19082.000000
-19134.000000
-19231.000000
-19230.000000
-19216.000000
-18921.000000
-18934.000000
-19221.000000
-19225.000000
-19226.000000
-19225.000000
-19195.000000
-19240.000000
-19203.000000
-19234.000000
-19138.000000
-19231.000000
-19060.000000
-19239.000000
-19147.000000
-19196.000000
-19026.000000
-19191.000000
-19211.000000
-19217.000000
-19212.000000
-19237.000000
-19183.000000
-19071.000000
-19232.000000
-19212.000000
-19182.000000
-19230.000000
-19146.000000
-19230.000000
-19221.000000
-19219.000000
-18986.000000
-19215.000000
-19233.000000
-19236.000000
-19201.000000
-19232.000000
-19218.000000
-19240.000000
-19169.000000
-19228.000000
-19196.000000
-19179.000000
-19066.000000
-19243.000000
-19220.000000
-18968.000000
-19205.000000
-19224.000000
-19007.000000
-19225.000000
-19231.000000
-19240.000000
-19216.000000
-19223.000000
-19228.000000
-19051.000000
-19215.000000
-19230.000000
-19212.000000
-19209.000000
-19236.000000
-19225.000000
-19181.000000
-18802.000000
-19212.000000
-19221.000000
-19220.000000
-19208.000000
-18654.000000
-18925.000000
-19135.000000
-19239.000000
-18777.000000
-19229.000000
-19209.000000
-19228.000000
-19079.000000
-19224.000000
-18808.000000
-19225.000000
-19228.000000
-19221.000000
-19230.000000
-19190.000000
-19180.000000
-19229.000000
-19227.000000
-19245.000000
-19222.000000
-18635.000000
-19221.000000
-19226.000000
-19225.000000
-19218.000000
-19223.000000
-19240.000000
-19047.000000
-19239.000000
-19225.000000
-19186.000000
-19196.000000
-19228.000000
-19219.000000
-19222.000000
-19076.000000
-18943.000000
-19231.000000
-19187.000000
-19224.000000
-19197.000000
-19212.000000
-19232.000000
-19228.000000
-19195.000000
-19232.000000
-19095.000000
-19216.000000
-19210.000000
-19214.000000
-19217.000000
-19210.000000
-19078.000000
-19238.000000
-19241.000000
-19154.000000
-19224.000000
-19219.000000
-19157.000000
-19222.000000
-19226.000000
-19229.000000
-19219.000000
-19195.000000
-19029.000000
-19183.000000
-19232.000000
-19213.000000
-19115.000000
-19231.000000
-19032.000000
-19213.000000
-19223.000000
-19226.000000
-19220.000000
-18976.000000
-18962.000000
-19217.000000
-19224.000000
-19235.000000
-19231.000000
-19235.000000
-19199.000000
-19232.000000
-19233.000000
-19222.000000
-19177.000000
-18644.000000
-19221.000000
-19230.000000
-19223.000000
-19235.000000
-19226.000000
-18819.000000
-19224.000000
-19184.000000
-19217.000000
-19057.000000
-19233.000000
-19048.000000
-19241.000000
-19247.000000
-19230.000000
-18315.000000
-19206.000000
-19043.000000
-19231.000000
-19221.000000
-18945.000000
-19227.000000
-19209.000000
-19200.000000
-19215.000000
-19224.000000
-19181.000000
-19204.000000
-19215.000000
-19221.000000
-19237.000000
-19240.000000
-19204.000000
-19219.000000
-18973.000000
-19209.000000
-19211.000000
-19247.000000
-19220.000000
-19220.000000
-19218.000000
-19207.000000
-19195.000000
-19217.000000
-19242.000000
-19218.000000
-19142.000000
-19220.000000
-19215.000000
-19211.000000
-19226.000000
-19199.000000
-19241.000000
-19220.000000
-19216.000000
-19234.000000
-19228.000000
-19212.000000
-19187.000000
-19232.000000
-19218.000000
-19063.000000
-19226.000000
-19220.000000
-18937.000000
-19041.000000
-19227.000000
-19207.000000
-19219.000000
-19224.000000
-19199.000000
-19222.000000
-19233.000000
-19243.000000
-19225.000000
-19225.000000
-19203.000000
-19228.000000
-19189.000000
-19216.000000
-19214.000000
-19181.000000
-19240.000000
-18970.000000
-19210.000000
-19237.000000
-19194.000000
-18921.000000
-19218.000000
-19212.000000
-19194.000000
-19204.000000
-19173.000000
-19221.000000
-19234.000000
-19227.000000
-19233.000000
-19231.000000
-19236.000000
-19240.000000
-18969.000000
-19145.000000
-19038.000000
-19229.000000
-19228.000000
-19002.000000
-19235.000000
-19036.000000
-19228.000000
-19223.000000
-19225.000000
-19156.000000
-19226.000000
-19191.000000
-19172.000000
-19217.000000
-19032.000000
-19239.000000
-19225.000000
-19234.000000
-19234.000000
-19159.000000
-19235.000000
-19148.000000
-19172.000000
-19223.000000
-19223.000000
-19225.000000
-19209.000000
-19211.000000
-18986.000000
-19241.000000
-19224.000000
-19223.000000
-19192.000000
-19046.000000
-19233.000000
-19235.000000
-19221.000000
-19057.000000
-19233.000000
-19097.000000
-19195.000000
-19221.000000
-19222.000000
-19234.000000
-19077.000000
-19163.000000
-19238.000000
-19101.000000
-19245.000000
-19236.000000
-19228.000000
-19043.000000
-19234.000000
-19230.000000
-18543.000000
-19221.000000
-19236.000000
-18596.000000
-19239.000000
-19228.000000
-19145.000000
-19232.000000
-19226.000000
-19238.000000
-19217.000000
-19227.000000
-19202.000000
-19074.000000
-19216.000000
-19228.000000
-19211.000000
-19216.000000
-19236.000000
-19235.000000
-19208.000000
-19207.000000
-19250.000000
-19219.000000
-19016.000000
-19228.000000
-19240.000000
-19216.000000
-19231.000000
-19232.000000
-19221.000000
-19218.000000
-19178.000000
-19189.000000
-19165.000000
-19151.000000
-19221.000000
-18625.000000
-19223.000000
-19211.000000
-19215.000000
-18760.000000
-19191.000000
-19226.000000
-19140.000000
-19212.000000
-19201.000000
-19145.000000
-19139.000000
-19137.000000
-19225.000000
-19231.000000
-19226.000000
-19203.000000
-19222.000000
-19236.000000
-18873.000000
-19211.000000
-19091.000000
-19233.000000
-18831.000000
-19217.000000
-19234.000000
-19157.000000
-19147.000000
-19242.000000
-19229.000000
-19190.000000
-19213.000000
-19230.000000
-19231.000000
-19210.000000
-19213.000000
-19070.000000
-19219.000000
-19046.000000
-19115.000000
-19226.000000
-19232.000000
-19234.000000
-19090.000000
-19191.000000
-19087.000000
-19228.000000
-19242.000000
-19210.000000
-19195.000000
-19231.000000
-19230.000000
-19224.000000
-19233.000000
-19219.000000
-18968.000000
-19234.000000
-19219.000000
-19225.000000
-19237.000000
-19225.000000
-18628.000000
-19234.000000
-19221.000000
-19213.000000
-19220.000000
-19219.000000
-19225.000000
-19129.000000
-19227.000000
-19222.000000
-19208.000000
-19229.000000
-19169.000000
-18894.000000
-19199.000000
-19224.000000
-19222.000000
-19229.000000
-19228.000000
-19060.000000
-19226.000000
-19156.000000
-19220.000000
-19224.000000
-19211.000000
-19207.000000
-19221.000000
-19231.000000
-19227.000000
-18994.000000
-19106.000000
-19061.000000
-19220.000000
-19222.000000
-19178.000000
-19220.000000
-19228.000000
-19203.000000
-19071.000000
-19247.000000
-19177.000000
-19219.000000
-19218.000000
-19233.000000
-19231.000000
-19219.000000
-19229.000000
-19222.000000
-19215.000000
-19211.000000
-19233.000000
-19215.000000
-19237.000000
-19222.000000
-19199.000000
-19219.000000
-19221.000000
-19046.000000
-19176.000000
-19227.000000
-19245.000000
-19240.000000
-19185.000000
-19208.000000
-19215.000000
-19223.000000
-19241.000000
-19212.000000
-19050.000000
-19222.000000
-19228.000000
-19233.000000
-19237.000000
-19176.000000
-19231.000000
-19226.000000
-19191.000000
-18826.000000
-19219.000000
-19231.000000
-19185.000000
-19239.000000
-19235.000000
-19232.000000
-19118.000000
-19236.000000
-19217.000000
-19211.000000
-19219.000000
-19118.000000
-18894.000000
-19208.000000
-19089.000000
-19233.000000
-19230.000000
-19146.000000
-19220.000000
-19198.000000
-19031.000000
-19202.000000
-19228.000000
-19209.000000
-19223.000000
-19015.000000
-19154.000000
-19142.000000
-19065.000000
-19227.000000
-19214.000000
-19215.000000
-18776.000000
-19150.000000
-19224.000000
-19225.000000
-19230.000000
-19225.000000
-19221.000000
-19161.000000
-19234.000000
-19240.000000
-19218.000000
-19194.000000
-19107.000000
-19228.000000
-19216.000000
-19058.000000
-19215.000000
-19029.000000
-19232.000000
-19218.000000
-19125.000000
-19205.000000
-19224.000000
-19235.000000
-19054.000000
-19214.000000
-19243.000000
-19229.000000
-19230.000000
-19224.000000
-19240.000000
-19232.000000
-19191.000000
-19046.000000
-19234.000000
-19227.000000
-19213.000000
-19236.000000
-18970.000000
-19223.000000
-19230.000000
-19238.000000
-19143.000000
-19223.000000
-19196.000000
-19041.000000
-19216.000000
-19099.000000
-19232.000000
-19163.000000
-19224.000000
-19220.000000
-19214.000000
-19243.000000
-18740.000000
-19147.000000
-19230.000000
-19171.000000
-19227.000000
-18905.000000
-19242.000000
-19231.000000
-19221.000000
-19230.000000
-19212.000000
-19230.000000
-19236.000000
-19224.000000
-19123.000000
-19123.000000
-19235.000000
-19052.000000
-19154.000000
-19229.000000
-19228.000000
-19031.000000
-19225.000000
-19239.000000
-19230.000000
-18907.000000
-19210.000000
-19232.000000
-19202.000000
-19217.000000
-19225.000000
-19067.000000
-19220.000000
-19120.000000
-18965.000000
-19241.000000
-19216.000000
-19230.000000
-19043.000000
-19224.000000
-19236.000000
-19216.000000
-18969.000000
-19240.000000
-19232.000000
-19216.000000
-19057.000000
-19038.000000
-19230.000000
-19113.000000
-19184.000000
-18778.000000
-19233.000000
-19136.000000
-19212.000000
-19233.000000
-19242.000000
-19234.000000
-19242.000000
-19087.000000
-19137.000000
-19218.000000
-19218.000000
-19224.000000
-19217.000000
-19209.000000
-19225.000000
-19227.000000
-19223.000000
-19223.000000
-19244.000000
-19230.000000
-19048.000000
-19204.000000
-19235.000000
-19217.000000
-19206.000000
-19225.000000
-19204.000000
-19241.000000
-19179.000000
-19218.000000
-19240.000000
-19209.000000
-19225.000000
-19211.000000
-19071.000000
-19169.000000
-19222.000000
-18591.000000
-19225.000000
-19228.000000
-19206.000000
-19034.000000
-19136.000000
-18775.000000
-19237.000000
-19108.000000
-18531.000000
-19232.000000
-19227.000000
-19052.000000
-19122.000000
-19227.000000
-19226.000000
-19219.000000
-19138.000000
-19228.000000
-19235.000000
-19222.000000
-19241.000000
-19226.000000
-18812.000000
-19207.000000
-19237.000000
-19212.000000
-19184.000000
-18790.000000
-19213.000000
-19222.000000
-19231.000000
-19208.000000
-19227.000000
-19230.000000
-19222.000000
-19228.000000
-19229.000000
-18977.000000
-19200.000000
-19224.000000
-19236.000000
-19211.000000
-19241.000000
-19218.000000
-19235.000000
-19141.000000
-19234.000000
-19206.000000
-19231.000000
-19239.000000
-19214.000000
-18987.000000
-19231.000000
-19194.000000
-19167.000000
-19211.000000
-19206.000000
-19213.000000
-19058.000000
-19211.000000
-19203.000000
-19237.000000
-19138.000000
-19186.000000
-19227.000000
-19232.000000
-19222.000000
-19230.000000
-19023.000000
-19247.000000
-19223.000000
-19226.000000
-19230.000000
-19196.000000
-19219.000000
-19233.000000
-19136.000000
-19208.000000
-19229.000000
-19224.000000
-19210.000000
-18658.000000
-19189.000000
-19228.000000
-19194.000000
-19198.000000
-19235.000000
-19215.000000
-19224.000000
-19224.000000
-19216.000000
-19237.000000
-19220.000000
-19224.000000
-18947.000000
-19239.000000
-19216.000000
-19230.000000
-19235.000000
-19191.000000
-19216.000000
-19225.000000
-19240.000000
-19227.000000
-19236.000000
-19005.000000
-18958.000000
-19225.000000
-19240.000000
-19229.000000
-19234.000000
-19221.000000
-19227.000000
-19228.000000
-19047.000000
-19228.000000
-19053.000000
-19230.000000
-19226.000000
-19228.000000
-19226.000000
-19147.000000
-19181.000000
-18747.000000
-19143.000000
-19009.000000
-19212.000000
-19114.000000
-19220.000000
-19231.000000
-19225.000000
-19237.000000
-19186.000000
-19245.000000
-18820.000000
-19239.000000
-19234.000000
-19198.000000
-19224.000000
-19219.000000
-19220.000000
-19237.000000
-19223.000000
-19230.000000
-19229.000000
-19062.000000
-19216.000000
-18885.000000
-19233.000000
-19081.000000
-19172.000000
-19236.000000
-19231.000000
-19224.000000
-19232.000000
-19238.000000
-19063.000000
-19232.000000
-19246.000000
-19223.000000
-19077.000000
-18990.000000
-19226.000000
-19224.000000
-19222.000000
-19213.000000
-19225.000000
-19192.000000
-19220.000000
-19244.000000
-19150.000000
-19219.000000
-19224.000000
-19170.000000
-19227.000000
-19229.000000
-19209.000000
-19200.000000
-19243.000000
-19211.000000
-19212.000000
-19233.000000
-18996.000000
-19220.000000
-19217.000000
-19232.000000
-18812.000000
-19233.000000
-19214.000000
-19234.000000
-19049.000000
-19220.000000
-19198.000000
-19217.000000
-19127.000000
-19215.000000
-19150.000000
-18936.000000
-19226.000000
-19224.000000
-19202.000000
-18771.000000
-19227.000000
-19166.000000
-19203.000000
-19227.000000
-19218.000000
-19229.000000
-19198.000000
-19231.000000
-19221.000000
-18786.000000
-19229.000000
-19226.000000
-19143.000000
-19231.000000
-19216.000000
-19230.000000
-19220.000000
-19197.000000
-19230.000000
-19226.000000
-19230.000000
-19221.000000
-19241.000000
-19190.000000
-19250.000000
-19193.000000
-19237.000000
-19225.000000
-19219.000000
-19209.000000
-19124.000000
-19221.000000
-19218.000000
-19085.000000
-19238.000000
-19226.000000
-19051.000000
-19225.000000
-19197.000000
-19108.000000
-18900.000000
-19222.000000
-19118.000000
-19182.000000
-19232.000000
-18965.000000
-19207.000000
-19174.000000
-19233.000000
-19223.000000
-19158.000000
-19211.000000
-19240.000000
-19224.000000
-19223.000000
-19077.000000
-19193.000000
-19217.000000
-19235.000000
-19207.000000
-19224.000000
-19171.000000
-19238.000000
-19230.000000
-19206.000000
-19204.000000
-19237.000000
-19116.000000
-19223.000000
-19197.000000
-19232.000000
-19147.000000
-19005.000000
-19226.000000
-19210.000000
-19234.000000
-19233.000000
-19232.000000
-19227.000000
-19227.000000
-19223.000000
-19218.000000
-19198.000000
-19090.000000
-19239.000000
-19229.000000
-19173.000000
-19228.000000
-19236.000000
-19212.000000
-19229.000000
-19227.000000
-19221.000000
-19234.000000
-19231.000000
-19235.000000
-19241.000000
-19218.000000
-19234.000000
-19008.000000
-19053.000000
-19234.000000
-19199.000000
-19240.000000
-19210.000000
-19236.000000
-19063.000000
-19226.000000
-19161.000000
-19197.000000
-19230.000000
-19221.000000
-19139.000000
-19241.000000
-19182.000000
-19228.000000
-19213.000000
-19067.000000
-18829.000000
-19227.000000
-19223.000000
-19228.000000
-19181.000000
-19214.000000
-19250.000000
-19237.000000
-19218.000000
-19112.000000
-19221.000000
-19226.000000
-19238.000000
-19184.000000
-19190.000000
-19234.000000
-19212.000000
-19220.000000
-19231.000000
-19240.000000
-19032.000000
-19213.000000
-19233.000000
-19230.000000
-19187.000000
-19243.000000
-19211.000000
-19226.000000
-19045.000000
-19188.000000
-19230.000000
-19219.000000
-19232.000000
-19200.000000
-19220.000000
-19231.000000
-19171.000000
-19233.000000
-19184.000000
-19231.000000
-19207.000000
-19227.000000
-19047.000000
-19237.000000
-19233.000000
-19163.000000
-19224.000000
-19229.000000
-19206.000000
-19212.000000
-19232.000000
-19224.000000
-19224.000000
-19229.000000
-19210.000000
-19189.000000
-19235.000000
-19223.000000
-19222.000000
-19076.000000
-19212.000000
-19223.000000
-19229.000000
-19147.000000
-19220.000000
-19221.000000
-19227.000000
-18623.000000
-19227.000000
-19229.000000
-19174.000000
-19154.000000
-19230.000000
-19233.000000
-19242.000000
-19139.000000
-19222.000000
-19147.000000
-19233.000000
-19233.000000
-19204.000000
-19207.000000
-19191.000000
-19066.000000
-19237.000000
-19229.000000
-19224.000000
-19223.000000
-19232.000000
-19195.000000
-19233.000000
-19236.000000
-19050.000000
-19048.000000
-19176.000000
-19224.000000
-19191.000000
-19213.000000
-19216.000000
-19239.000000
-19221.000000
-19198.000000
-19204.000000
-19233.000000
-19232.000000
-19218.000000
-19231.000000
-19115.000000
-19172.000000
-19229.000000
-19227.000000
-19181.000000
-19229.000000
-19226.000000
-19179.000000
-19235.000000
-19219.000000
-19221.000000
-19218.000000
-19237.000000
-19219.000000
-19181.000000
-19076.000000
-19212.000000
-19214.000000
-19225.000000
-19226.000000
-19142.000000
-19174.000000
-19030.000000
-19221.000000
-19215.000000
-19243.000000
-19214.000000
-19212.000000
-19228.000000
-19226.000000
-19233.000000
-19189.000000
-19212.000000
-19211.000000
-19172.000000
-19211.000000
-19250.000000
-19229.000000
-19229.000000
-19197.000000
-19216.000000
-19233.000000
-18676.000000
-19054.000000
-19215.000000
-19230.000000
-18994.000000
-19230.000000
-19234.000000
-19234.000000
-19239.000000
-19245.000000
-19233.000000
-19223.000000
-19090.000000
-19214.000000
-19076.000000
-19239.000000
-19226.000000
-19002.000000
-19056.000000
-18951.000000
-18570.000000
-19186.000000
-19192.000000
-19236.000000
-18895.000000
-19230.000000
-19207.000000
-19228.000000
-19183.000000
-19222.000000
-19217.000000
-19129.000000
-19218.000000
-19229.000000
-19229.000000
-19214.000000
-19212.000000
-19240.000000
-19219.000000
-19228.000000
-19230.000000
-19246.000000
-19194.000000
-19232.000000
-19236.000000
-19223.000000
-19224.000000
-19188.000000
-19137.000000
-19239.000000
-19128.000000
-19185.000000
-18893.000000
-19228.000000
-19135.000000
-19211.000000
-18965.000000
-19207.000000
-19232.000000
-19217.000000
-19235.000000
-19229.000000
-19211.000000
-19067.000000
-19227.000000
-19219.000000
-19219.000000
-19214.000000
-19068.000000
-19060.000000
-19215.000000
-19228.000000
-19225.000000
-19223.000000
-19231.000000
-19239.000000
-19213.000000
-19220.000000
-19227.000000
-19230.000000
-19244.000000
-19228.000000
-19105.000000
-19216.000000
-19200.000000
-19117.000000
-19219.000000
-19184.000000
-19211.000000
-19224.000000
-19232.000000
-19234.000000
-19207.000000
-19215.000000
-19240.000000
-19221.000000
-19237.000000
-19222.000000
-19227.000000
-19190.000000
-19243.000000
-19024.000000
-19228.000000
-19224.000000
-19227.000000
-19185.000000
-19229.000000
-19180.000000
-19244.000000
-19167.000000
-19171.000000
-19241.000000
-19237.000000
-19215.000000
-17609.000000
-19225.000000
-19231.000000
-19227.000000
-19225.000000
-19045.000000
-19223.000000
-19233.000000
-19092.000000
-19183.000000
-19231.000000
-18911.000000
-19068.000000
-19228.000000
-19225.000000
-19236.000000
-19026.000000
-19222.000000
-18924.000000
-19220.000000
-18890.000000
-18997.000000
-18935.000000
-19218.000000
-19214.000000
-19077.000000
-19236.000000
-19086.000000
-19215.000000
-19224.000000
-19238.000000
-19218.000000
-19250.000000
-19217.000000
-19248.000000
-19231.000000
-19216.000000
-19188.000000
-19185.000000
-19183.000000
-19230.000000
-19174.000000
-19228.000000
-19194.000000
-19226.000000
-18965.000000
-19192.000000
-19242.000000
-19209.000000
-19232.000000
-19060.000000
-19068.000000
-19201.000000
-19219.000000
-19144.000000
-19119.000000
-19196.000000
-18693.000000
-19214.000000
-19234.000000
-19221.000000
-19227.000000
-19143.000000
-19224.000000
-19231.000000
-19189.000000
-19220.000000
-19221.000000
-19218.000000
-19231.000000
-19243.000000
-19219.000000
-19229.000000
-19222.000000
-19094.000000
-19230.000000
-19240.000000
-19237.000000
-19226.000000
-19147.000000
-19227.000000
-19237.000000
-19144.000000
-19227.000000
-19232.000000
-19201.000000
-19229.000000
-19231.000000
-19056.000000
-19218.000000
-19218.000000
-19219.000000
-19227.000000
-19233.000000
-19105.000000
-19203.000000
-19065.000000
-18570.000000
-19039.000000
-19166.000000
-19197.000000
-19227.000000
-19231.000000
-19231.000000
-19213.000000
-18979.000000
-19071.000000
-19224.000000
-19229.000000
-19171.000000
-19207.000000
-19200.000000
-19245.000000
-19014.000000
-19231.000000
-19230.000000
-19205.000000
-19218.000000
-19221.000000
-19226.000000
-19231.000000
-19222.000000
-19217.000000
-18818.000000
-19202.000000
-19203.000000
-19204.000000
-19206.000000
-19244.000000
-19235.000000
-19214.000000
-19234.000000
-19226.000000
-19173.000000
-19231.000000
-19193.000000
-19240.000000
-19217.000000
-19230.000000
-19215.000000
-19230.000000
-19206.000000
-19233.000000
-19232.000000
-19194.000000
-19084.000000
-19226.000000
-19243.000000
-19221.000000
-19228.000000
-19200.000000
-19199.000000
-19171.000000
-19209.000000
-19237.000000
-19216.000000
-19150.000000
-19098.000000
-18915.000000
-19209.000000
-19217.000000
-19218.000000
-19227.000000
-19225.000000
-19240.000000
-19224.000000
-19194.000000
-19223.000000
-19209.000000
-18151.000000
-19245.000000
-19223.000000
-19223.000000
-19198.000000
-19198.000000
-19214.000000
-19000.000000
-19229.000000
-19241.000000
-19239.000000
-19203.000000
-19229.000000
-19202.000000
-19229.000000
-19028.000000
-19195.000000
-19148.000000
-19204.000000
-19230.000000
-19166.000000
-19183.000000
-19233.000000
-19228.000000
-19228.000000
-19192.000000
-19212.000000
-19053.000000
-19207.000000
-19225.000000
-19223.000000
-19213.000000
-19191.000000
-19228.000000
-19186.000000
-19230.000000
-19223.000000
-19130.000000
-19161.000000
-19221.000000
-19135.000000
-19140.000000
-19235.000000
-19217.000000
-19137.000000
-19212.000000
-19229.000000
-18811.000000
-19219.000000
-19213.000000
-19190.000000
-18937.000000
-19101.000000
-19189.000000
-19188.000000
-19229.000000
-19204.000000
-19219.000000
-19229.000000
-19217.000000
-19220.000000
-19112.000000
-19196.000000
-19233.000000
-19216.000000
-19043.000000
-19207.000000
-19231.000000
-19224.000000
-19231.000000
-19230.000000
-19239.000000
-19202.000000
-19221.000000
-19208.000000
-19242.000000
-19239.000000
-19225.000000
-19197.000000
-19224.000000
-19246.000000
-19116.000000
-19230.000000
-19228.000000
-19215.000000
-19210.000000
-19230.000000
-19237.000000
-19237.000000
-19209.000000
-19220.000000
-19016.000000
-19213.000000
-19226.000000
-19230.000000
-19214.000000
-18987.000000
-19034.000000
-19219.000000
-19188.000000
-19099.000000
-18533.000000
-19103.000000
-18634.000000
-19238.000000
-19233.000000
-19221.000000
-19216.000000
-19231.000000
-19225.000000
-19037.000000
-19170.000000
-19219.000000
-19196.000000
-19248.000000
-19230.000000
-19233.000000
-19228.000000
-19227.000000
-19046.000000
-19060.000000
-19233.000000
-19229.000000
-19227.000000
-19231.000000
-19227.000000
-19214.000000
-18993.000000
-19229.000000
-19199.000000
-19247.000000
-18906.000000
-19208.000000
-19239.000000
-19227.000000
-19208.000000
-19206.000000
-19223.000000
-18979.000000
-19204.000000
-19227.000000
-19200.000000
-19141.000000
-19241.000000
-19220.000000
-19228.000000
-19210.000000
-19231.000000
-19018.000000
-18997.000000
-18634.000000
-19179.000000
-19095.000000
-19232.000000
-19184.000000
-19221.000000
-19234.000000
-19204.000000
-19229.000000
-19237.000000
-19186.000000
-19190.000000
-19010.000000
-19019.000000
-19220.000000
-19217.000000
-19231.000000
-19224.000000
-19239.000000
-19056.000000
-19227.000000
-19110.000000
-19125.000000
-19183.000000
-19235.000000
-19226.000000
-19213.000000
-19234.000000
-19220.000000
-19223.000000
-19228.000000
-19230.000000
-19084.000000
-19233.000000
-19231.000000
-19213.000000
-19228.000000
-19224.000000
-19209.000000
-19228.000000
-19230.000000
-19183.000000
-18921.000000
-19239.000000
-19230.000000
-19225.000000
-19141.000000
-19219.000000
-19205.000000
-19193.000000
-19188.000000
-19181.000000
-19130.000000
-18920.000000
-19240.000000
-19186.000000
-19191.000000
-19174.000000
-19220.000000
-19221.000000
-19168.000000
-19219.000000
-19234.000000
-19192.000000
-19236.000000
-19186.000000
-19228.000000
-19205.000000
-19234.000000
-18512.000000
-19229.000000
-19211.000000
-19223.000000
-19207.000000
-19226.000000
-19232.000000
-19227.000000
-19221.000000
-19197.000000
-19228.000000
-19218.000000
-19051.000000
-19228.000000
-19034.000000
-19211.000000
-19218.000000
-19181.000000
-19217.000000
-19212.000000
-19053.000000
-19227.000000
-19118.000000
-19229.000000
-19100.000000
-19219.000000
-19196.000000
-19229.000000
-19203.000000
-19214.000000
-19237.000000
-19216.000000
-19112.000000
-19235.000000
-19217.000000
-19218.000000
-19230.000000
-19233.000000
-19219.000000
-19224.000000
-19209.000000
-19178.000000
-19217.000000
-19215.000000
-18954.000000
-19227.000000
-19181.000000
-19215.000000
-19022.000000
-19038.000000
-19077.000000
-19213.000000
-19216.000000
-19176.000000
-19215.000000
-19221.000000
-19073.000000
-19231.000000
-19246.000000
-19238.000000
-19041.000000
-19236.000000
-19119.000000
-19217.000000
-19079.000000
-19192.000000
-19191.000000
-19230.000000
-19231.000000
-19077.000000
-19246.000000
-19226.000000
-19184.000000
-19214.000000
-19226.000000
-19229.000000
-19154.000000
-19221.000000
-19241.000000
-19249.000000
-19216.000000
-19221.000000
-19241.000000
-19219.000000
-19218.000000
-19226.000000
-19055.000000
-19098.000000
-19184.000000
-18966.000000
-19101.000000
-19202.000000
-19228.000000
-19188.000000
